5	0.4	0.6	0.0	8	14	1	2	1	1	3	1	2	2	4	4	4	2	62
20	0.45	0.45	0.1	9	10	2	6	4	8	2	3	1	3	2	3	3	2	48
7	0.5714286	0.14285715	0.2857143	8	13	2	4	1	0	2	2	1	3	2	3	3	5	64
19	0.36842105	0.31578946	0.31578946	12	14	7	5	1	6	2	2	5	3	6	2	4	2	44
7	0.0	0.42857143	0.5714286	10	12	2	2	1	2	3	0	3	4	1	7	0	4	66
12	0.41666666	0.16666667	0.41666666	13	15	2	5	2	3	1	4	3	5	3	4	6	2	41
11	0.6363636	0.27272728	0.09090909	11	15	1	2	4	4	4	3	2	2	5	2	7	1	28
16	0.4375	0.3125	0.25	13	12	3	6	5	2	3	1	7	2	2	5	2	3	51
6	0.16666667	0.33333334	0.5	15	10	3	1	1	1	2	6	3	4	2	3	3	2	60
13	0.30769232	0.15384616	0.53846157	8	12	2	3	5	3	4	1	0	3	4	5	3	0	79
15	0.33333334	0.4	0.26666668	10	12	2	5	3	5	3	0	4	3	5	1	3	3	40
18	0.16666667	0.33333334	0.5	8	12	5	4	3	6	3	2	0	3	1	3	4	4	75
19	0.31578946	0.47368422	0.21052632	8	10	5	2	6	6	2	1	2	3	3	2	3	2	58
17	0.23529412	0.3529412	0.4117647	7	12	4	4	3	6	3	2	2	0	1	3	4	4	58
9	0.5555556	0.33333334	0.11111111	14	13	3	2	4	0	4	2	5	3	1	4	4	4	49
16	0.5625	0.25	0.1875	11	15	4	2	6	4	1	8	1	1	7	4	0	4	49
10	0.4	0.5	0.1	10	15	1	2	6	1	2	3	3	2	6	5	1	3	55
20	0.35	0.3	0.35	11	12	4	4	5	7	2	3	2	4	2	4	3	3	42
17	0.11764706	0.5294118	0.3529412	6	15	1	4	9	3	0	3	2	1	2	5	3	5	62
16	0.1875	0.375	0.4375	8	11	3	3	7	3	1	3	4	0	5	1	1	4	77
7	0.42857143	0.42857143	0.14285715	14	13	0	0	4	3	4	1	4	5	6	3	1	3	63
20	0.5	0.15	0.35	13	12	6	7	4	3	4	2	5	2	2	5	1	4	39
12	0.083333336	0.6666667	0.25	9	11	4	4	2	2	0	4	1	4	1	5	4	1	72
8	0.125	0.5	0.375	8	11	4	1	2	1	1	2	4	1	1	6	3	1	65
7	0.71428573	0.0	0.2857143	9	12	0	1	4	2	3	2	3	1	2	5	3	2	32
18	0.3888889	0.22222222	0.3888889	15	10	5	2	7	4	5	2	1	7	3	2	1	4	75
20	0.05	0.45	0.5	6	12	4	4	8	4	2	3	1	0	5	1	3	3	60
20	0.4	0.15	0.45	12	15	5	4	5	6	2	2	3	5	3	2	6	4	10
5	0.2	0.6	0.2	12	12	2	0	2	1	3	6	0	3	4	2	3	3	68
5	0.2	0.4	0.4	8	11	3	1	0	1	2	2	3	1	2	3	4	2	82
15	0.26666668	0.4	0.33333334	10	11	3	8	3	1	1	4	2	3	5	3	2	1	55
17	0.47058824	0.29411766	0.23529412	11	14	6	4	4	3	2	1	3	5	5	4	4	1	34
11	0.27272728	0.45454547	0.27272728	12	15	4	1	1	5	3	1	6	2	4	1	4	6	51
8	0.25	0.625	0.125	8	12	1	3	3	1	0	2	1	5	1	3	4	4	72
10	0.3	0.4	0.3	11	15	1	5	3	1	4	2	3	2	5	3	3	4	43
12	0.25	0.33333334	0.41666666	13	12	4	2	4	2	3	3	2	5	0	5	7	0	56
17	0.29411766	0.47058824	0.23529412	8	10	2	2	6	7	3	3	1	1	2	1	2	5	89
17	0.29411766	0.47058824	0.23529412	12	15	3	4	7	3	4	0	5	3	3	5	1	6	46
19	0.31578946	0.36842105	0.31578946	11	14	1	11	3	4	3	3	3	2	6	0	5	3	36
16	0.5	0.1875	0.3125	13	12	5	3	5	3	1	3	4	5	6	3	0	3	46
18	0.33333334	0.44444445	0.22222222	11	15	2	6	5	5	5	0	4	2	3	6	3	3	39
7	0.14285715	0.14285715	0.71428573	8	15	1	3	2	1	3	1	4	0	3	6	4	2	47
8	0.5	0.125	0.375	15	14	3	4	1	0	4	1	4	6	4	2	5	3	53
20	0.15	0.4	0.45	10	10	1	9	6	4	4	1	3	2	3	4	0	3	80
12	0.16666667	0.41666666	0.41666666	5	13	2	3	3	4	1	1	1	2	6	2	3	2	66
17	0.23529412	0.47058824	0.29411766	14	11	6	1	5	5	4	2	4	4	5	0	1	5	53
15	0.26666668	0.46666667	0.26666668	8	14	2	3	4	6	6	1	0	1	2	6	6	0	90
6	0.5	0.16666667	0.33333334	6	12	4	0	2	0	1	2	1	2	4	1	5	2	63
13	0.3846154	0.30769232	0.30769232	12	12	6	4	2	1	3	4	1	4	4	1	4	3	48
14	0.35714287	0.21428572	0.42857143	6	10	1	6	6	1	3	0	3	0	2	3	2	3	69
10	0.2	0.5	0.3	14	14	2	2	2	4	4	4	5	1	3	3	4	4	65
6	0.16666667	0.5	0.33333334	13	13	0	1	2	3	5	2	3	3	3	3	4	3	54
14	0.42857143	0.42857143	0.14285715	6	15	4	3	5	2	2	1	2	1	4	2	3	6	56
15	0.4	0.13333334	0.46666667	5	13	3	4	5	3	1	1	3	0	5	6	1	1	64
19	0.47368422	0.31578946	0.21052632	5	10	3	2	6	8	1	1	1	2	3	5	1	1	66
16	0.125	0.4375	0.4375	15	13	7	3	3	3	3	6	4	2	2	4	2	5	71
18	0.22222222	0.33333334	0.44444445	11	15	5	3	2	8	3	2	5	1	3	4	4	4	50
11	0.18181819	0.27272728	0.54545456	7	15	2	7	1	1	1	2	3	1	3	1	7	4	62
16	0.3125	0.4375	0.25	11	10	3	4	4	5	3	3	4	1	4	3	2	1	53
9	0.44444445	0.11111111	0.44444445	6	11	0	3	3	3	0	2	0	4	4	1	4	2	65
5	0.6	0.2	0.2	6	12	2	2	1	0	1	2	1	2	5	3	2	2	62
11	0.27272728	0.45454547	0.27272728	6	14	3	2	3	3	0	1	3	2	5	4	2	3	78
10	0.7	0.0	0.3	5	10	5	2	3	0	2	1	1	1	4	3	1	2	55
15	0.53333336	0.13333334	0.33333334	9	12	7	2	3	3	5	1	1	2	4	2	4	2	35
10	0.4	0.6	0.0	9	12	1	5	2	2	2	3	3	1	3	3	5	1	79
13	0.30769232	0.3846154	0.30769232	9	14	1	0	5	7	1	1	6	1	8	0	2	4	52
20	0.35	0.3	0.35	8	10	4	7	5	4	1	2	2	3	4	0	4	2	50
14	0.21428572	0.42857143	0.35714287	11	10	7	2	3	2	3	4	3	1	2	4	0	4	53
17	0.4117647	0.23529412	0.3529412	14	10	4	5	3	5	2	4	2	6	3	2	3	2	49
19	0.36842105	0.21052632	0.42105263	14	12	4	10	2	3	3	4	6	1	4	2	2	4	69
5	0.6	0.2	0.2	10	15	2	0	2	1	0	3	3	4	3	3	4	5	68
11	0.36363637	0.36363637	0.27272728	14	14	4	1	1	5	2	4	3	5	1	3	6	4	64
7	0.5714286	0.2857143	0.14285715	12	11	3	1	2	1	2	3	3	4	3	5	1	2	54
8	0.25	0.625	0.125	15	15	1	3	1	3	2	5	8	0	4	6	4	1	36
19	0.36842105	0.21052632	0.42105263	15	12	5	7	4	3	7	6	0	2	2	4	5	1	56
6	0.6666667	0.33333334	0.0	5	14	0	4	1	1	1	3	1	0	3	3	2	6	37
15	0.26666668	0.46666667	0.26666668	10	10	4	4	3	4	4	2	2	2	2	2	4	2	57
13	0.23076923	0.23076923	0.53846157	7	15	2	5	3	3	1	2	1	3	6	2	4	3	48
19	0.21052632	0.42105263	0.36842105	10	13	6	2	6	5	1	1	5	3	2	4	1	6	60
18	0.22222222	0.16666667	0.6111111	5	12	6	3	4	5	2	2	0	1	1	6	2	3	63
12	0.25	0.33333334	0.41666666	11	12	2	3	3	4	2	5	1	3	1	8	2	1	76
15	0.26666668	0.4	0.33333334	9	12	2	5	4	4	3	1	4	1	4	3	4	1	60
14	0.2857143	0.42857143	0.2857143	10	12	3	3	5	3	4	2	0	4	2	3	5	2	69
5	0.4	0.0	0.6	9	10	0	2	3	0	4	0	3	2	2	5	2	1	70
16	0.375	0.125	0.5	13	11	3	4	6	3	4	4	2	3	1	4	2	4	50
13	0.3846154	0.30769232	0.30769232	5	10	6	2	2	3	2	0	1	2	3	4	1	2	66
17	0.3529412	0.29411766	0.3529412	7	11	5	4	2	6	2	1	1	3	2	5	3	1	75
8	0.625	0.25	0.125	11	12	3	2	2	1	5	3	1	2	2	4	4	2	51
17	0.1764706	0.5882353	0.23529412	13	14	6	4	4	3	5	5	2	1	3	6	3	2	46
12	0.083333336	0.5833333	0.33333334	12	12	5	2	1	4	1	1	6	4	4	2	5	1	88
14	0.42857143	0.42857143	0.14285715	6	14	8	2	3	1	2	2	2	0	1	6	4	3	48
13	0.53846157	0.07692308	0.3846154	10	14	4	2	3	4	1	4	1	4	3	2	4	5	44
10	0.2	0.8	0.0	15	15	2	2	4	2	2	5	1	7	3	4	6	2	58
15	0.53333336	0.26666668	0.2	13	14	6	3	4	2	4	5	3	1	3	5	4	2	30
16	0.25	0.1875	0.5625	11	10	4	6	5	1	2	4	0	5	1	4	2	3	66
12	0.083333336	0.5833333	0.33333334	7	12	2	3	3	4	1	5	0	1	4	2	3	3	84
9	0.11111111	0.22222222	0.6666667	7	15	4	2	1	2	3	2	1	1	6	2	3	4	55
12	0.41666666	0.16666667	0.41666666	8	15	1	5	3	3	1	2	2	3	1	3	6	5	44
14	0.2857143	0.5714286	0.14285715	6	15	5	3	2	4	3	1	2	0	7	5	3	0	71
15	0.33333334	0.33333334	0.33333334	6	11	4	4	3	4	2	1	2	1	2	2	3	4	70
11	0.18181819	0.45454547	0.36363637	10	11	3	3	3	2	3	4	3	0	2	2	1	6	63
16	0.5	0.3125	0.1875	11	12	2	5	3	6	2	3	2	4	1	4	5	2	56
16	0.3125	0.3125	0.375	11	12	8	2	2	4	3	4	3	1	3	4	4	1	51
13	0.3846154	0.46153846	0.15384616	7	14	3	5	3	2	2	1	2	2	5	2	6	1	51
11	0.18181819	0.54545456	0.27272728	14	13	5	5	0	1	3	5	1	5	2	5	1	5	75
19	0.42105263	0.31578946	0.2631579	10	14	4	3	6	6	2	3	1	4	6	4	2	2	39
12	0.16666667	0.5	0.33333334	6	15	2	3	4	3	0	1	3	2	6	3	1	5	34
9	0.22222222	0.33333334	0.44444445	14	10	3	4	0	2	5	2	3	4	5	1	2	2	63
13	0.3846154	0.46153846	0.15384616	7	13	2	4	1	6	2	1	2	2	1	5	5	2	41
18	0.44444445	0.33333334	0.22222222	11	15	7	7	2	2	3	3	2	3	3	4	3	5	50
19	0.31578946	0.36842105	0.31578946	8	13	6	4	3	6	2	0	1	5	3	4	4	2	51
17	0.4117647	0.23529412	0.3529412	15	14	8	3	4	2	4	2	8	1	2	5	2	5	53
15	0.33333334	0.2	0.46666667	6	15	3	6	1	5	1	3	1	1	8	4	2	1	68
15	0.13333334	0.6666667	0.2	12	10	4	4	3	4	6	2	2	2	3	1	3	3	88
19	0.36842105	0.31578946	0.31578946	14	13	9	4	3	3	2	4	3	5	3	3	2	5	38
10	0.3	0.2	0.5	11	13	2	4	2	2	3	2	3	3	1	4	5	3	53
13	0.30769232	0.3846154	0.30769232	7	11	5	1	3	4	2	2	3	0	3	3	3	2	74
10	0.4	0.1	0.5	12	11	2	2	2	4	4	1	2	5	3	3	2	3	34
13	0.15384616	0.46153846	0.3846154	10	12	3	3	5	2	3	3	1	3	3	2	3	4	50
15	0.33333334	0.26666668	0.4	6	13	5	2	2	6	2	3	1	0	5	2	1	5	62
5	0.4	0.2	0.4	12	10	2	0	2	1	2	3	4	3	2	2	4	2	53
13	0.46153846	0.30769232	0.23076923	5	12	2	5	3	3	1	1	2	1	4	0	7	1	72
17	0.3529412	0.1764706	0.47058824	13	11	3	5	2	7	1	6	4	2	3	6	0	2	43
11	0.45454547	0.36363637	0.18181819	13	11	5	1	2	3	4	2	3	4	6	4	0	1	39
6	0.16666667	0.33333334	0.5	8	10	3	1	0	2	4	0	2	2	2	6	1	1	75
18	0.6111111	0.33333334	0.055555556	8	13	5	5	6	2	2	2	2	2	3	5	2	3	30
13	0.3846154	0.30769232	0.30769232	12	12	3	7	2	1	5	3	1	3	5	1	2	4	52
9	0.22222222	0.44444445	0.33333334	8	12	0	5	2	2	1	1	4	2	4	2	3	3	55
13	0.23076923	0.3846154	0.3846154	5	13	4	4	4	1	2	2	1	0	4	2	3	4	52
17	0.23529412	0.3529412	0.4117647	13	10	2	3	5	7	3	1	6	3	3	0	1	6	49
14	0.21428572	0.42857143	0.35714287	7	15	2	5	3	4	0	1	3	3	3	2	4	6	64
7	0.42857143	0.0	0.5714286	8	12	2	3	2	0	3	1	1	3	2	5	4	1	50
18	0.22222222	0.33333334	0.44444445	5	15	4	1	6	7	0	3	0	2	1	3	4	7	63
17	0.5294118	0.1764706	0.29411766	8	11	4	6	3	4	4	1	0	3	2	2	5	2	64
15	0.4	0.26666668	0.33333334	9	12	1	3	6	5	0	3	2	4	2	2	3	5	31
19	0.36842105	0.31578946	0.31578946	14	15	4	7	2	6	4	3	5	2	3	6	2	4	22
11	0.54545456	0.45454547	0.0	12	15	3	3	2	3	3	4	1	4	5	5	4	1	52
7	0.42857143	0.42857143	0.14285715	10	14	2	2	3	0	3	3	2	2	4	4	5	1	34
9	0.5555556	0.22222222	0.22222222	15	12	1	4	3	1	2	4	2	7	3	4	4	1	52
13	0.23076923	0.61538464	0.15384616	11	14	4	2	2	5	2	3	3	3	3	4	2	5	63
14	0.35714287	0.2857143	0.35714287	7	14	4	5	3	2	0	3	1	3	2	3	4	5	40
8	0.5	0.25	0.25	8	15	0	1	6	1	3	1	1	3	5	5	5	0	41
10	0.3	0.3	0.4	15	14	3	0	3	4	5	6	2	2	4	2	7	1	67
7	0.42857143	0.2857143	0.2857143	15	13	1	1	1	4	3	3	3	6	3	3	3	4	71
19	0.31578946	0.2631579	0.42105263	15	15	5	5	4	5	4	4	2	5	5	2	4	4	55
20	0.45	0.3	0.25	6	14	9	1	5	5	2	0	3	1	4	4	3	3	48
13	0.3846154	0.23076923	0.3846154	15	11	4	1	4	4	5	2	8	0	1	3	4	3	54
5	0.8	0.2	0.0	10	15	2	0	1	2	3	3	2	2	2	3	6	4	41
17	0.23529412	0.3529412	0.4117647	12	12	2	6	4	5	3	4	2	3	1	1	4	6	70
18	0.3888889	0.3888889	0.22222222	8	14	5	3	4	6	2	2	0	4	2	3	3	6	52
10	0.8	0.1	0.1	12	11	3	2	2	3	4	3	2	3	4	2	3	2	29
20	0.35	0.3	0.35	7	12	2	6	6	6	2	2	2	1	5	2	2	3	67
18	0.5555556	0.16666667	0.2777778	13	15	7	2	6	3	1	5	4	3	3	4	3	5	32
13	0.15384616	0.3846154	0.46153846	12	10	2	4	3	4	5	2	0	5	1	5	1	3	58
8	0.125	0.375	0.5	6	11	4	1	2	1	2	1	2	1	7	0	3	1	78
20	0.35	0.4	0.25	14	12	1	11	4	4	3	5	5	1	2	6	2	2	42
19	0.47368422	0.2631579	0.2631579	11	10	8	4	3	4	3	3	4	1	2	3	5	0	72
8	0.25	0.375	0.375	7	12	3	3	1	1	3	1	1	2	4	3	4	1	51
10	0.3	0.5	0.2	8	14	2	2	2	4	0	3	1	4	5	4	3	2	64
8	0.25	0.5	0.25	10	15	2	1	3	2	1	2	6	1	3	5	5	2	75
11	0.27272728	0.36363637	0.36363637	5	13	4	3	4	0	1	2	2	0	2	8	2	1	48
12	0.5	0.33333334	0.16666667	14	15	4	2	4	2	0	4	5	5	5	3	5	2	49
5	0.2	0.4	0.4	6	15	3	0	2	0	1	3	0	2	5	3	5	2	91
10	0.2	0.7	0.1	6	10	1	1	6	2	2	1	1	2	5	4	0	1	67
7	0.2857143	0.14285715	0.5714286	15	13	4	0	1	2	3	5	2	5	3	4	6	0	72
7	0.2857143	0.14285715	0.5714286	13	15	1	2	1	3	3	2	3	5	4	4	3	4	52
5	0.6	0.0	0.4	14	12	0	1	1	3	3	3	7	1	4	3	3	2	37
6	0.16666667	0.16666667	0.6666667	12	14	1	1	3	1	5	4	3	0	3	1	6	4	66
6	0.16666667	0.16666667	0.6666667	15	12	2	1	1	2	4	3	4	4	2	4	2	4	63
16	0.4375	0.25	0.3125	11	10	5	3	3	5	1	3	3	4	2	4	3	1	40
11	0.36363637	0.27272728	0.36363637	11	13	5	2	3	1	3	2	3	3	4	1	5	3	60
5	0.6	0.2	0.2	9	12	2	1	1	1	4	1	1	3	3	3	3	3	68
10	0.5	0.3	0.2	7	14	4	2	2	2	2	2	1	2	5	2	2	5	36
19	0.36842105	0.2631579	0.36842105	8	13	2	4	8	5	3	1	3	1	2	5	3	3	36
18	0.5	0.2777778	0.22222222	7	15	5	3	6	4	2	1	0	4	3	5	2	5	34
16	0.375	0.3125	0.3125	10	13	3	4	5	4	4	1	2	3	3	3	6	1	40
12	0.33333334	0.5	0.16666667	5	15	4	3	2	3	3	1	0	1	3	3	1	8	47
16	0.375	0.1875	0.4375	9	11	2	3	5	6	0	2	4	3	0	0	8	3	63
15	0.4	0.4	0.2	15	11	9	1	1	4	2	6	5	2	5	3	1	2	36
13	0.7692308	0.15384616	0.07692308	13	12	4	4	0	5	4	4	4	1	3	1	7	1	40
16	0.125	0.5625	0.3125	7	10	2	4	3	7	3	2	1	1	2	3	1	4	70
10	0.5	0.1	0.4	13	11	2	2	3	3	1	3	5	4	0	3	3	5	47
13	0.30769232	0.23076923	0.46153846	6	11	2	5	3	3	2	0	0	4	3	5	0	3	74
5	0.8	0.2	0.0	8	11	3	1	0	1	2	3	2	1	2	3	3	3	58
18	0.22222222	0.33333334	0.44444445	5	11	5	2	7	4	1	0	2	2	5	2	1	3	60
18	0.22222222	0.3888889	0.3888889	15	12	3	3	4	8	2	6	3	4	4	5	1	2	51
8	0.125	0.5	0.375	8	10	3	1	2	2	3	0	2	3	2	2	0	6	75
13	0.23076923	0.6923077	0.07692308	13	10	1	5	3	4	1	0	6	6	2	3	2	3	65
7	0.5714286	0.14285715	0.2857143	12	13	2	2	3	0	1	3	4	4	5	4	2	2	62
12	0.5	0.25	0.25	13	11	2	4	3	3	4	4	2	3	2	2	4	3	42
13	0.3846154	0.23076923	0.3846154	8	10	7	3	1	2	3	1	3	1	2	3	1	4	48
15	0.26666668	0.26666668	0.46666667	6	12	4	4	5	2	2	1	2	1	5	0	2	5	51
5	0.8	0.0	0.2	6	10	2	0	1	2	1	1	2	2	1	3	5	1	48
11	0.27272728	0.27272728	0.45454547	10	10	4	2	4	1	5	3	2	0	0	4	5	1	94
13	0.61538464	0.30769232	0.07692308	12	13	7	1	3	2	3	2	4	3	4	2	5	2	32
5	0.2	0.2	0.6	11	11	1	1	1	2	2	3	3	3	2	8	1	0	58
19	0.2631579	0.47368422	0.2631579	11	11	6	7	5	1	2	4	4	1	3	1	5	2	72
18	0.16666667	0.2777778	0.5555556	14	15	5	5	6	2	3	5	4	2	7	3	5	0	41
8	0.25	0.375	0.375	6	14	3	1	3	1	1	1	3	1	2	4	3	5	63
17	0.4117647	0.29411766	0.29411766	12	11	3	4	2	8	6	0	1	5	2	1	4	4	49
19	0.05263158	0.68421054	0.2631579	8	12	8	3	2	6	1	4	2	1	4	3	2	3	103
7	0.42857143	0.42857143	0.14285715	8	10	0	1	5	1	2	1	2	3	1	3	4	2	89
11	0.27272728	0.27272728	0.45454547	5	15	2	0	3	6	1	2	1	1	4	5	3	3	51
12	0.16666667	0.25	0.5833333	5	12	1	5	4	2	2	3	0	0	3	2	2	5	69
11	0.27272728	0.54545456	0.18181819	8	12	4	2	4	1	0	4	0	4	5	4	3	0	43
20	0.45	0.45	0.1	9	15	6	5	6	3	2	2	2	3	4	3	3	5	38
5	0.0	0.2	0.8	14	15	3	0	2	0	6	2	3	3	5	5	2	3	63
10	0.1	0.5	0.4	11	13	2	2	2	4	1	5	2	3	1	3	7	2	53
10	0.0	0.2	0.8	13	15	3	6	1	0	3	4	3	3	8	2	4	1	69
6	0.8333333	0.16666667	0.0	5	11	4	1	0	1	0	1	3	1	3	3	2	3	44
18	0.22222222	0.16666667	0.6111111	13	10	4	8	3	3	8	2	1	2	3	0	4	3	81
6	0.6666667	0.33333334	0.0	8	14	1	1	3	1	3	3	2	0	2	4	4	4	61
20	0.45	0.1	0.45	14	11	8	2	5	5	2	3	3	6	1	5	2	3	49
18	0.6111111	0.11111111	0.2777778	8	13	8	3	5	2	4	0	3	1	0	4	8	1	49
13	0.23076923	0.46153846	0.30769232	5	11	0	7	5	1	0	2	3	0	1	1	3	6	87
14	0.2857143	0.35714287	0.35714287	15	12	4	1	4	5	5	1	5	4	2	5	2	3	59
9	0.22222222	0.22222222	0.5555556	9	10	0	3	0	6	3	1	2	3	3	1	3	3	83
9	0.6666667	0.11111111	0.22222222	8	13	3	1	0	5	2	1	2	3	5	2	3	3	42
9	0.33333334	0.5555556	0.11111111	9	14	1	1	3	4	4	2	2	1	4	2	5	3	53
14	0.42857143	0.35714287	0.21428572	15	14	2	4	7	1	4	1	5	5	3	4	6	1	57
20	0.25	0.35	0.4	8	12	7	7	3	3	3	0	3	2	2	4	2	4	73
19	0.36842105	0.31578946	0.31578946	9	10	7	5	2	5	3	2	1	3	2	2	4	2	62
10	0.6	0.2	0.2	13	10	4	1	3	2	0	5	3	5	0	3	4	3	45
17	0.23529412	0.4117647	0.3529412	9	14	0	6	6	5	2	3	2	2	6	3	5	0	56
6	0.16666667	0.6666667	0.16666667	7	12	1	1	1	3	1	1	3	2	4	4	1	3	62
9	0.33333334	0.33333334	0.33333334	11	13	2	4	2	1	3	2	3	3	6	1	2	4	52
17	0.29411766	0.3529412	0.3529412	13	13	7	5	2	3	2	5	2	4	5	3	1	4	54
9	0.44444445	0.22222222	0.33333334	12	12	3	0	4	2	3	1	5	3	5	1	2	4	65
16	0.1875	0.25	0.5625	8	14	5	3	1	7	2	3	1	2	5	4	3	2	55
20	0.4	0.2	0.4	7	14	4	4	6	6	2	2	1	2	3	6	3	2	28
6	0.8333333	0.16666667	0.0	15	13	3	2	1	0	4	4	5	2	3	1	6	3	56
20	0.4	0.35	0.25	14	14	7	5	2	6	3	3	3	5	6	4	0	4	43
7	0.14285715	0.2857143	0.5714286	15	11	1	2	1	3	4	7	1	3	4	3	1	3	72
11	0.45454547	0.27272728	0.27272728	5	12	4	3	1	3	2	3	0	0	2	5	2	3	47
15	0.13333334	0.33333334	0.53333336	12	11	4	5	3	3	1	6	1	4	5	3	2	1	72
9	0.44444445	0.33333334	0.22222222	5	14	2	1	3	3	0	2	2	1	2	3	5	4	52
8	0.375	0.375	0.25	12	11	2	1	3	2	3	2	5	2	2	2	4	3	48
10	0.0	0.7	0.3	11	14	4	2	2	2	3	3	4	1	7	2	2	3	58
15	0.33333334	0.46666667	0.2	9	11	7	3	1	4	2	1	3	3	4	4	1	2	50
18	0.3888889	0.2777778	0.33333334	12	15	2	4	7	5	3	1	4	4	3	5	3	4	53
17	0.4117647	0.1764706	0.4117647	6	12	6	6	2	3	0	2	2	2	2	4	1	5	52
20	0.3	0.3	0.4	8	14	9	4	5	2	1	1	3	3	3	1	7	3	33
7	0.42857143	0.42857143	0.14285715	12	10	3	1	1	2	1	6	3	2	2	2	2	4	76
9	0.33333334	0.44444445	0.22222222	7	15	3	3	2	1	1	1	2	3	5	5	1	4	62
17	0.1764706	0.3529412	0.47058824	13	11	4	6	3	4	6	3	3	1	4	4	0	3	66
20	0.3	0.25	0.45	5	10	5	10	1	4	2	0	2	1	3	1	3	3	70
20	0.65	0.1	0.25	8	12	4	8	4	4	1	1	3	3	5	1	3	3	32
18	0.22222222	0.44444445	0.33333334	6	13	7	3	4	4	2	2	1	1	3	5	2	3	42
7	0.42857143	0.2857143	0.2857143	7	14	2	0	4	1	0	2	4	1	5	2	3	4	70
17	0.29411766	0.3529412	0.3529412	12	10	3	3	4	7	2	5	3	2	2	2	3	3	79
13	0.30769232	0.3846154	0.30769232	8	14	2	6	3	2	2	1	3	2	2	5	3	4	47
7	0.71428573	0.2857143	0.0	8	10	3	1	1	2	2	3	0	3	4	2	0	4	35
17	0.23529412	0.4117647	0.3529412	15	10	4	6	6	1	4	5	3	3	2	2	2	4	50
6	0.16666667	0.5	0.33333334	8	10	2	1	2	1	2	0	3	3	4	3	0	3	52
5	0.4	0.0	0.6	8	15	0	0	4	1	2	4	2	0	3	3	2	7	72
9	0.11111111	0.5555556	0.33333334	7	12	1	4	3	1	2	0	3	2	5	4	2	1	89
8	0.25	0.25	0.5	15	13	2	5	1	0	4	3	4	4	2	3	6	2	66
5	0.4	0.4	0.2	12	11	1	1	2	1	1	5	4	2	2	3	5	1	76
9	0.44444445	0.5555556	0.0	8	11	2	2	4	1	1	2	2	3	2	1	3	5	46
17	0.1764706	0.47058824	0.3529412	11	10	5	1	4	7	4	1	2	4	1	2	2	5	45
7	0.2857143	0.0	0.71428573	12	15	2	1	0	4	2	2	5	3	5	5	3	2	49
10	0.1	0.2	0.7	10	11	2	5	3	0	4	4	1	1	2	6	0	3	69
11	0.27272728	0.45454547	0.27272728	14	13	0	3	2	6	2	4	5	3	5	3	2	3	58
9	0.44444445	0.22222222	0.33333334	11	12	4	1	1	3	1	4	3	3	3	1	3	5	64
13	0.53846157	0.30769232	0.15384616	13	14	1	4	3	5	4	2	6	1	0	5	5	4	29
7	0.2857143	0.42857143	0.2857143	9	10	2	4	1	0	1	3	4	1	2	6	1	1	80
8	0.375	0.25	0.375	6	14	2	2	3	1	1	0	4	1	6	1	4	3	73
14	0.5714286	0.21428572	0.21428572	7	14	4	4	2	4	3	1	2	1	2	4	3	5	40
16	0.3125	0.3125	0.375	14	14	2	4	5	5	3	5	1	5	3	5	5	1	48
6	0.33333334	0.33333334	0.33333334	15	13	0	2	0	4	7	1	1	6	4	3	3	3	68
20	0.2	0.35	0.45	14	11	7	5	1	7	4	6	0	4	2	2	2	5	55
6	0.33333334	0.33333334	0.33333334	8	12	1	0	2	3	2	1	3	2	1	3	3	5	66
17	0.3529412	0.11764706	0.5294118	14	11	5	4	6	2	4	4	4	2	2	3	5	1	45
8	0.625	0.375	0.0	6	10	0	2	4	2	1	2	1	2	3	2	3	2	55
12	0.25	0.33333334	0.41666666	15	12	4	4	3	1	4	5	3	3	5	4	3	0	38
17	0.47058824	0.29411766	0.23529412	11	13	6	6	3	2	1	4	3	3	2	5	4	2	36
9	0.33333334	0.11111111	0.5555556	9	15	5	1	1	2	2	1	3	3	3	4	5	3	41
6	0.16666667	0.33333334	0.5	6	14	1	0	3	2	1	1	1	3	4	8	0	2	66
5	0.6	0.2	0.2	11	12	1	0	1	3	1	1	5	4	6	2	3	1	53
6	0.6666667	0.16666667	0.16666667	13	12	2	2	2	0	5	4	2	2	5	1	3	3	49
14	0.42857143	0.14285715	0.42857143	8	14	3	6	1	4	1	0	6	1	6	3	0	5	46
8	0.125	0.5	0.375	12	14	1	0	3	4	4	2	3	3	2	4	4	4	57
7	0.5714286	0.14285715	0.2857143	15	13	2	1	2	2	7	5	2	1	4	3	2	4	53
10	0.4	0.2	0.4	11	13	6	1	1	2	2	3	0	6	4	4	2	3	62
19	0.42105263	0.21052632	0.36842105	9	10	5	3	4	7	1	3	3	2	3	3	2	2	48
9	0.44444445	0.11111111	0.44444445	15	11	0	4	2	3	3	3	4	5	0	4	3	4	59
5	0.0	0.8	0.2	5	15	0	1	1	3	2	0	2	1	5	3	2	5	97
16	0.375	0.25	0.375	10	14	4	3	2	7	3	1	1	5	4	5	3	2	48
16	0.5	0.3125	0.1875	15	15	5	3	2	6	4	6	3	2	6	3	4	2	38
12	0.41666666	0.41666666	0.16666667	7	12	4	2	2	4	4	0	2	1	2	3	6	1	50
5	0.0	0.8	0.2	13	10	1	1	0	3	2	5	1	5	5	2	2	1	78
10	0.2	0.3	0.5	6	10	2	4	0	4	2	2	2	0	2	1	2	5	77
7	0.14285715	0.2857143	0.5714286	14	15	1	1	5	0	3	3	6	2	1	2	3	9	76
19	0.36842105	0.2631579	0.36842105	15	12	4	6	4	5	4	5	4	2	2	2	4	4	70
19	0.47368422	0.36842105	0.15789473	6	15	7	3	4	5	1	3	1	1	5	4	2	4	39
11	0.36363637	0.45454547	0.18181819	11	10	2	1	3	5	4	2	2	3	6	1	1	2	44
12	0.16666667	0.5	0.33333334	12	15	5	1	2	4	4	3	3	2	3	5	5	2	46
15	0.4	0.33333334	0.26666668	12	12	5	5	0	5	2	4	3	3	4	2	6	0	59
19	0.57894737	0.31578946	0.10526316	7	12	3	8	3	5	1	2	2	2	3	1	3	5	30
19	0.42105263	0.36842105	0.21052632	12	15	4	5	5	5	1	3	2	6	3	5	4	3	24
8	0.25	0.375	0.375	14	13	1	2	2	3	2	2	5	5	2	5	2	4	30
6	0.33333334	0.0	0.6666667	8	10	1	2	2	1	2	1	4	1	3	2	1	4	77
19	0.2631579	0.2631579	0.47368422	14	11	5	6	5	3	3	4	3	4	3	1	2	5	56
17	0.23529412	0.3529412	0.4117647	6	14	7	4	4	2	1	1	2	2	5	2	3	4	67
10	0.3	0.6	0.1	11	15	3	3	3	1	3	2	4	2	4	2	7	2	54
12	0.25	0.5	0.25	12	11	2	6	1	3	1	2	4	5	2	4	2	3	64
18	0.33333334	0.2777778	0.3888889	5	12	3	2	4	9	0	3	1	1	2	1	7	2	54
17	0.29411766	0.3529412	0.3529412	11	11	2	5	9	1	5	2	1	3	1	2	3	5	56
15	0.46666667	0.46666667	0.06666667	10	10	3	5	4	3	2	4	0	4	0	5	4	1	54
14	0.35714287	0.42857143	0.21428572	11	14	4	2	5	3	4	4	2	1	5	4	2	3	54
12	0.25	0.33333334	0.41666666	13	14	2	1	6	3	3	4	3	3	3	4	4	3	47
6	0.0	0.5	0.5	5	12	1	1	1	3	1	2	2	0	7	1	2	2	80
18	0.5	0.22222222	0.2777778	9	11	7	4	4	3	3	2	2	2	5	2	0	4	53
18	0.33333334	0.3888889	0.2777778	10	10	8	4	5	1	3	3	2	2	2	1	2	5	61
13	0.53846157	0.23076923	0.23076923	9	12	3	3	1	6	0	2	3	4	2	5	3	2	55
7	0.2857143	0.14285715	0.5714286	11	15	0	0	2	5	5	1	2	3	3	3	3	6	53
13	0.3846154	0.23076923	0.3846154	7	10	2	2	6	3	0	3	3	1	2	5	2	1	53
9	0.33333334	0.44444445	0.22222222	14	15	1	4	3	1	5	3	4	2	4	4	4	3	40
11	0.54545456	0.45454547	0.0	15	11	2	1	4	4	6	3	3	3	3	1	5	2	52
20	0.2	0.25	0.55	9	12	5	6	4	5	1	2	4	2	1	4	2	5	45
9	0.33333334	0.44444445	0.22222222	8	11	2	3	4	0	3	3	1	1	1	2	5	3	68
8	0.0	0.625	0.375	13	15	2	2	2	2	6	2	5	0	6	1	4	4	60
15	0.2	0.4	0.4	10	12	1	6	2	6	3	1	3	3	2	2	3	5	57
15	0.13333334	0.33333334	0.53333336	10	13	3	4	3	5	4	0	5	1	2	3	6	2	48
5	0.2	0.2	0.6	11	10	0	2	3	0	4	3	2	2	3	1	1	5	80
15	0.26666668	0.46666667	0.26666668	5	13	2	3	4	6	0	1	2	2	6	4	1	2	64
16	0.125	0.4375	0.4375	15	12	4	4	4	4	5	2	4	4	3	4	1	4	54
16	0.3125	0.5625	0.125	12	14	6	4	3	3	5	1	3	3	4	3	0	7	59
5	0.6	0.2	0.2	7	11	3	1	0	1	0	0	4	3	4	1	2	4	56
9	0.22222222	0.5555556	0.22222222	10	12	1	2	2	4	5	2	2	1	1	4	4	3	68
17	0.29411766	0.3529412	0.3529412	13	13	5	2	8	2	2	5	6	0	3	4	2	4	62
8	0.25	0.375	0.375	5	15	1	3	2	2	0	0	3	2	7	3	3	2	68
15	0.26666668	0.2	0.53333336	14	10	5	4	4	2	6	2	4	2	2	2	3	3	59
10	0.3	0.2	0.5	5	15	3	1	4	2	1	2	0	2	4	4	2	5	59
15	0.33333334	0.4	0.26666668	7	15	2	2	6	5	2	0	0	5	6	2	5	2	45
12	0.33333334	0.33333334	0.33333334	5	11	3	4	2	3	2	1	1	1	6	3	2	0	79
6	0.0	0.33333334	0.6666667	12	13	2	1	3	0	3	4	4	1	5	2	3	3	99
18	0.5	0.33333334	0.16666667	11	15	5	7	4	2	4	1	3	3	3	8	3	1	58
10	0.2	0.3	0.5	12	12	3	2	0	5	4	4	4	0	3	5	4	0	73
13	0.30769232	0.30769232	0.3846154	12	10	6	2	1	4	2	2	3	5	1	1	4	4	58
11	0.45454547	0.27272728	0.27272728	12	12	2	5	2	2	2	3	4	3	4	2	3	3	33
18	0.16666667	0.3888889	0.44444445	9	15	3	8	3	4	3	1	3	2	6	3	3	3	37
20	0.4	0.2	0.4	5	11	3	6	5	6	3	0	2	0	2	3	4	2	72
5	0.2	0.2	0.6	9	15	2	1	1	1	1	3	4	1	1	4	3	7	104
13	0.3846154	0.15384616	0.46153846	14	11	4	3	3	3	3	5	3	3	2	2	5	2	41
11	0.54545456	0.27272728	0.18181819	12	11	6	3	2	0	5	3	2	2	2	3	4	2	47
13	0.3846154	0.23076923	0.3846154	7	14	1	3	3	6	0	2	1	4	6	4	2	2	64
7	0.5714286	0.2857143	0.14285715	6	10	2	1	2	2	2	1	1	2	3	2	4	1	62
9	0.33333334	0.22222222	0.44444445	13	10	3	4	1	1	2	6	2	3	2	0	3	5	94
19	0.57894737	0.05263158	0.36842105	7	11	8	3	3	5	4	1	0	2	4	3	2	2	48
6	0.16666667	0.33333334	0.5	9	14	2	3	0	1	5	1	3	0	3	4	3	4	77
7	0.42857143	0.0	0.5714286	6	11	2	0	4	1	3	1	1	1	5	4	1	1	64
10	0.2	0.3	0.5	14	10	3	3	2	2	6	2	4	2	2	0	8	0	74
18	0.22222222	0.5	0.2777778	6	14	7	4	3	4	0	1	3	2	2	3	1	8	55
14	0.2857143	0.42857143	0.2857143	7	12	3	4	3	4	4	1	0	2	1	4	3	4	83
18	0.3888889	0.22222222	0.3888889	13	10	5	6	4	3	0	3	5	5	1	3	2	4	72
8	0.25	0.5	0.25	8	14	3	0	4	1	2	3	1	2	2	3	4	5	48
16	0.375	0.3125	0.3125	8	14	3	1	6	6	3	1	1	3	8	3	0	3	48
7	0.14285715	0.14285715	0.71428573	5	10	1	2	2	2	2	1	0	2	3	3	1	3	79
10	0.4	0.4	0.2	9	14	5	3	1	1	1	3	2	3	4	2	6	2	46
9	0.11111111	0.5555556	0.33333334	15	11	2	2	1	4	5	1	6	3	4	2	4	1	64
12	0.25	0.41666666	0.33333334	13	15	2	6	2	2	2	3	4	4	3	7	3	2	47
20	0.5	0.3	0.2	9	15	4	6	6	4	2	3	1	3	4	4	4	3	34
18	0.3888889	0.2777778	0.33333334	5	15	4	6	6	2	2	0	1	2	7	1	3	4	36
16	0.375	0.1875	0.4375	15	13	7	5	3	1	5	2	4	4	3	4	3	3	51
16	0.4375	0.375	0.1875	9	11	5	4	1	6	2	2	2	3	5	1	3	2	25
20	0.3	0.3	0.4	5	11	3	3	6	8	1	2	1	1	4	1	3	3	58
11	0.18181819	0.45454547	0.36363637	5	14	1	5	2	3	3	2	0	0	3	3	4	4	53
17	0.23529412	0.4117647	0.3529412	8	12	4	2	6	5	1	1	3	3	5	5	1	1	49
8	0.25	0.5	0.25	12	11	3	3	1	1	2	3	4	3	4	2	4	1	50
12	0.41666666	0.25	0.33333334	13	14	2	5	1	4	4	3	3	3	4	3	4	3	55
8	0.375	0.25	0.375	10	14	1	3	3	1	4	1	2	3	6	4	3	1	46
15	0.26666668	0.4	0.33333334	6	15	6	4	3	2	3	0	2	1	5	4	3	3	40
19	0.42105263	0.42105263	0.15789473	13	14	2	9	6	2	4	3	2	4	4	5	2	3	39
9	0.22222222	0.6666667	0.11111111	12	10	3	1	2	3	3	1	6	2	3	5	1	1	76
5	0.4	0.2	0.4	11	13	0	2	3	0	3	2	4	2	5	1	1	6	47
9	0.22222222	0.5555556	0.22222222	8	13	1	2	3	3	3	2	3	0	1	7	0	5	77
14	0.5	0.2857143	0.21428572	12	14	2	5	3	4	4	4	1	3	6	3	3	2	32
12	0.41666666	0.41666666	0.16666667	12	14	3	6	1	2	5	2	3	2	5	3	4	2	25
6	0.5	0.16666667	0.33333334	5	15	1	1	2	2	0	3	1	1	4	2	4	5	63
12	0.16666667	0.33333334	0.5	11	10	2	2	6	2	3	4	3	1	0	5	4	1	73
13	0.23076923	0.23076923	0.53846157	7	10	3	3	5	2	3	2	1	1	1	5	1	3	59
6	0.33333334	0.33333334	0.33333334	7	14	1	1	1	3	3	3	1	0	5	4	2	3	72
20	0.25	0.4	0.35	6	13	5	4	5	6	2	0	1	3	3	2	4	4	44
18	0.2777778	0.33333334	0.3888889	15	12	4	10	3	1	4	7	3	1	3	1	2	6	45
6	0.5	0.16666667	0.33333334	14	12	1	2	0	3	3	6	4	1	1	3	1	7	59
12	0.5833333	0.25	0.16666667	12	10	1	1	5	5	5	3	3	1	1	4	2	3	55
7	0.14285715	0.71428573	0.14285715	13	11	3	2	1	1	6	5	1	1	4	3	2	2	57
7	0.42857143	0.14285715	0.42857143	9	14	1	0	4	2	3	1	3	2	1	4	4	5	38
11	0.27272728	0.45454547	0.27272728	14	13	5	5	0	1	6	1	1	6	5	1	5	2	64
13	0.23076923	0.3846154	0.3846154	14	15	4	2	3	4	2	6	2	4	4	5	5	1	49
9	0.33333334	0.22222222	0.44444445	6	12	2	2	1	4	4	1	1	0	3	5	0	4	69
8	0.25	0.375	0.375	11	12	2	0	1	5	4	3	2	2	2	1	6	3	70
16	0.3125	0.3125	0.375	6	14	4	3	4	5	1	1	3	1	5	4	2	3	51
20	0.35	0.3	0.35	5	14	2	6	7	5	4	0	1	0	4	3	4	3	52
12	0.41666666	0.25	0.33333334	7	10	2	3	3	4	2	0	3	2	2	6	2	0	93
19	0.31578946	0.31578946	0.36842105	15	14	4	5	4	6	2	3	8	2	5	0	5	4	55
12	0.083333336	0.5833333	0.33333334	15	10	2	2	5	3	4	5	4	2	6	2	2	0	84
5	0.6	0.0	0.4	6	13	0	2	0	3	1	2	1	2	3	2	2	6	54
15	0.2	0.2	0.6	11	13	3	1	6	5	2	2	4	3	5	4	4	0	62
14	0.35714287	0.35714287	0.2857143	15	15	3	6	3	2	5	2	3	5	7	3	4	1	43
15	0.2	0.6	0.2	6	10	5	3	2	5	2	2	1	1	3	1	4	2	77
18	0.3888889	0.33333334	0.2777778	15	10	4	3	1	10	7	3	1	4	4	3	1	2	41
9	0.5555556	0.22222222	0.22222222	12	14	1	0	4	4	4	3	4	1	6	2	3	3	44
9	0.6666667	0.11111111	0.22222222	8	13	3	2	1	3	1	1	4	2	7	2	1	3	41
9	0.44444445	0.5555556	0.0	9	15	2	3	1	3	2	2	2	3	3	4	4	4	38
7	0.0	0.85714287	0.14285715	13	12	1	1	4	1	6	2	3	2	3	3	1	5	67
12	0.5	0.5	0.0	11	14	4	3	3	2	4	3	2	2	3	5	2	4	34
15	0.6666667	0.33333334	0.0	15	10	11	1	3	0	4	2	3	6	2	5	1	2	42
8	0.25	0.25	0.5	9	12	1	4	2	1	3	1	5	0	3	3	1	5	82
11	0.36363637	0.27272728	0.36363637	11	14	3	5	1	2	1	4	2	4	3	3	4	4	43
11	0.09090909	0.54545456	0.36363637	9	12	4	1	2	4	1	2	2	4	2	3	6	1	79
9	0.5555556	0.22222222	0.22222222	11	14	4	2	3	0	0	4	5	2	7	3	3	1	65
8	0.5	0.25	0.25	7	11	2	1	3	2	3	1	1	2	1	4	3	3	44
15	0.33333334	0.4	0.26666668	10	13	4	2	1	8	1	3	1	5	5	1	5	2	38
20	0.25	0.35	0.4	14	13	1	4	8	7	6	3	5	0	5	3	2	3	74
18	0.2777778	0.44444445	0.2777778	8	14	4	5	3	6	1	0	4	3	2	4	4	4	54
7	0.2857143	0.42857143	0.2857143	15	10	2	1	0	4	3	4	3	5	6	0	0	4	66
11	0.36363637	0.45454547	0.18181819	11	15	2	4	3	2	3	3	3	2	2	5	3	5	44
17	0.1764706	0.3529412	0.47058824	12	12	2	5	3	7	5	2	3	2	3	4	5	0	68
20	0.4	0.3	0.3	13	14	5	6	6	3	6	2	2	3	4	6	2	2	49
18	0.3888889	0.3888889	0.22222222	13	12	6	3	6	3	4	0	4	5	4	1	2	5	53
8	0.375	0.375	0.25	9	15	0	3	5	0	3	2	3	1	5	5	3	2	41
18	0.16666667	0.3888889	0.44444445	13	11	3	9	2	4	2	4	3	4	1	4	4	2	76
16	0.5	0.25	0.25	7	14	3	4	4	5	1	1	5	0	2	2	7	3	40
18	0.3888889	0.33333334	0.2777778	11	12	4	5	5	4	2	2	3	4	5	1	4	2	48
17	0.23529412	0.23529412	0.5294118	13	10	4	7	2	4	4	3	4	2	3	2	2	3	66
17	0.5294118	0.1764706	0.29411766	14	11	2	6	6	3	6	4	4	0	4	1	5	1	52
15	0.53333336	0.2	0.26666668	11	11	4	4	4	3	3	5	2	1	2	6	2	1	63
10	0.3	0.4	0.3	14	12	1	2	2	5	3	5	5	1	4	3	4	1	64
13	0.15384616	0.46153846	0.3846154	10	10	2	3	3	5	2	3	2	3	2	3	2	3	79
17	0.4117647	0.29411766	0.29411766	5	12	7	4	6	0	3	0	0	2	3	4	2	3	69
6	0.33333334	0.33333334	0.33333334	15	14	2	1	1	2	2	3	4	6	2	4	6	2	34
11	0.36363637	0.18181819	0.45454547	13	12	3	2	4	2	4	2	2	5	2	2	2	6	57
19	0.47368422	0.2631579	0.2631579	8	15	6	4	4	5	3	2	0	3	3	5	3	4	36
17	0.23529412	0.29411766	0.47058824	12	14	3	3	4	7	1	3	7	1	0	5	2	7	56
15	0.26666668	0.53333336	0.2	5	15	3	1	8	3	1	2	2	0	3	4	4	4	35
5	0.0	0.4	0.6	12	13	2	1	2	0	3	1	2	6	1	4	4	4	61
10	0.2	0.3	0.5	7	14	2	1	3	4	2	2	0	3	4	4	4	2	58
16	0.25	0.375	0.375	11	13	5	5	3	3	3	1	4	3	4	3	5	1	64
7	0.2857143	0.42857143	0.2857143	10	12	3	1	2	1	2	2	3	3	3	4	1	4	56
10	0.3	0.3	0.4	15	11	3	2	1	4	6	2	5	2	5	2	2	2	59
6	0.0	0.16666667	0.8333333	11	13	0	2	2	2	1	1	3	6	4	4	1	4	50
14	0.35714287	0.5	0.14285715	10	10	5	5	2	2	1	1	6	2	2	3	4	1	66
20	0.35	0.1	0.55	15	15	3	8	4	5	5	1	3	6	3	1	5	6	38
19	0.42105263	0.31578946	0.2631579	15	11	2	8	2	7	3	4	5	3	2	6	3	0	53
20	0.6	0.1	0.3	10	14	3	7	5	5	4	3	2	1	4	0	6	4	29
18	0.44444445	0.33333334	0.22222222	10	14	4	3	5	6	2	3	3	2	5	5	2	2	43
8	0.5	0.25	0.25	14	14	1	3	2	2	6	1	3	4	1	4	2	7	55
9	0.33333334	0.44444445	0.22222222	9	10	4	0	2	3	1	2	3	3	2	2	2	4	72
12	0.25	0.5	0.25	5	12	1	3	3	5	0	1	2	2	2	5	2	3	62
7	0.5714286	0.0	0.42857143	15	15	1	5	0	1	7	1	2	5	6	0	4	5	60
5	0.4	0.2	0.4	12	14	2	1	1	1	3	2	3	4	2	2	6	4	59
5	0.2	0.2	0.6	15	15	2	3	0	0	5	0	6	4	2	5	7	1	63
7	0.42857143	0.2857143	0.2857143	6	10	3	0	3	1	3	1	1	1	4	2	2	2	75
15	0.4	0.33333334	0.26666668	8	13	3	2	6	4	1	1	5	1	5	3	4	1	57
20	0.35	0.25	0.4	9	12	5	3	5	7	2	2	4	1	4	3	3	2	59
5	0.4	0.4	0.2	15	12	1	2	1	1	3	6	2	4	1	6	2	3	65
9	0.22222222	0.11111111	0.6666667	6	13	2	2	2	3	3	2	0	1	5	3	3	2	73
11	0.45454547	0.45454547	0.09090909	8	15	1	1	4	5	2	0	6	0	6	5	2	2	47
11	0.27272728	0.27272728	0.45454547	10	12	3	2	3	3	2	2	3	3	6	1	1	4	58
12	0.16666667	0.41666666	0.41666666	13	12	3	3	3	3	5	2	4	2	1	4	4	3	55
11	0.0	0.72727275	0.27272728	6	10	4	3	1	3	1	2	0	3	3	3	1	3	77
14	0.2857143	0.35714287	0.35714287	5	10	4	3	3	4	1	1	2	1	3	2	2	3	53
5	0.2	0.4	0.4	14	10	1	2	2	0	2	3	3	6	3	4	1	2	82
9	0.5555556	0.0	0.44444445	6	11	3	1	0	5	1	1	2	2	4	4	0	3	40
10	0.2	0.2	0.6	15	10	2	2	5	1	6	2	3	4	2	1	6	1	86
6	0.16666667	0.33333334	0.5	7	10	2	1	0	3	1	1	1	4	2	1	5	2	70
18	0.3888889	0.22222222	0.3888889	7	11	4	4	7	3	5	1	0	1	0	5	3	3	62
6	0.33333334	0.0	0.6666667	14	12	0	1	3	2	4	3	2	5	3	2	5	2	50
10	0.2	0.3	0.5	12	14	1	3	4	2	1	7	1	3	9	0	4	1	52
20	0.5	0.25	0.25	14	15	3	5	5	7	2	8	3	1	6	1	4	4	40
6	0.33333334	0.5	0.16666667	15	10	2	0	2	2	4	4	2	5	3	2	2	3	77
13	0.53846157	0.30769232	0.15384616	8	11	2	5	2	4	1	2	3	2	6	1	4	0	60
12	0.083333336	0.5	0.41666666	7	11	0	3	5	4	1	1	3	2	3	2	4	2	53
18	0.2777778	0.33333334	0.3888889	8	14	5	7	5	1	0	3	2	3	3	9	1	1	50
20	0.1	0.5	0.4	10	10	6	3	7	4	2	3	2	3	4	2	2	2	78
19	0.36842105	0.31578946	0.31578946	5	12	6	2	3	8	1	0	2	2	4	3	3	2	58
20	0.4	0.35	0.25	8	13	8	2	5	5	2	1	3	2	5	3	1	4	44
15	0.4	0.46666667	0.13333334	5	10	8	1	4	2	1	1	1	2	2	2	6	0	74
19	0.47368422	0.36842105	0.15789473	5	14	5	3	5	6	0	2	1	2	2	4	5	3	61
11	0.36363637	0.09090909	0.54545456	9	13	2	4	1	4	2	1	4	2	5	3	2	3	48
19	0.31578946	0.57894737	0.10526316	8	15	4	6	5	4	3	3	0	2	3	3	5	4	33
16	0.5	0.1875	0.3125	15	15	5	0	6	5	7	1	3	4	6	4	3	2	30
16	0.375	0.1875	0.4375	7	10	3	5	6	2	1	1	2	3	2	0	5	3	67
7	0.2857143	0.2857143	0.42857143	10	15	3	2	1	1	0	2	3	5	4	3	5	3	69
12	0.5833333	0.083333336	0.33333334	11	11	3	4	2	3	1	1	1	8	2	2	4	3	56
12	0.25	0.41666666	0.33333334	13	13	2	3	6	1	1	2	4	6	3	3	1	6	42
14	0.21428572	0.5	0.2857143	10	13	2	3	6	3	1	6	1	2	3	4	4	2	53
6	0.33333334	0.6666667	0.0	10	11	1	1	2	2	2	4	2	2	2	4	4	1	98
11	0.27272728	0.36363637	0.36363637	5	13	3	2	0	6	1	2	1	1	4	4	3	2	59
13	0.23076923	0.30769232	0.46153846	6	14	3	3	4	3	0	2	2	2	3	1	3	7	68
15	0.33333334	0.33333334	0.33333334	10	15	8	3	1	3	6	0	1	3	3	3	4	5	48
9	0.22222222	0.5555556	0.22222222	12	10	1	1	6	1	3	5	3	1	2	4	2	2	62
6	0.6666667	0.33333334	0.0	9	12	2	1	3	0	4	3	1	1	1	2	6	3	59
9	0.22222222	0.44444445	0.33333334	5	11	3	1	2	3	1	2	0	2	1	4	2	4	56
10	0.2	0.2	0.6	6	14	4	2	1	3	1	2	2	1	3	2	3	6	58
11	0.36363637	0.36363637	0.27272728	10	13	3	3	1	4	4	0	4	2	3	4	3	3	71
14	0.5714286	0.35714287	0.071428575	10	10	1	5	3	5	3	3	3	1	3	1	2	4	58
11	0.6363636	0.18181819	0.18181819	12	14	4	1	4	2	3	5	1	3	2	6	2	4	50
14	0.2857143	0.21428572	0.5	14	10	2	2	7	3	3	5	3	3	5	4	1	0	62
8	0.25	0.25	0.5	15	11	1	2	3	2	4	2	6	3	3	2	0	6	79
10	0.1	0.3	0.6	7	15	1	6	2	1	3	1	2	1	7	1	4	3	67
13	0.46153846	0.23076923	0.30769232	12	15	5	3	4	1	2	3	4	3	2	7	4	2	36
8	0.375	0.125	0.5	7	13	1	4	2	1	2	3	1	1	2	2	5	4	60
12	0.41666666	0.33333334	0.25	9	10	5	1	4	2	1	5	1	2	0	3	3	4	67
8	0.5	0.375	0.125	13	12	3	1	3	1	1	3	6	3	2	3	3	4	71
13	0.3846154	0.15384616	0.46153846	8	13	3	7	0	3	3	1	1	3	2	3	4	4	45
15	0.13333334	0.46666667	0.4	7	14	5	4	4	2	3	1	3	0	6	4	2	2	42
16	0.25	0.3125	0.4375	6	13	6	1	4	5	2	2	1	1	3	2	6	2	46
10	0.4	0.1	0.5	7	13	1	4	2	3	3	2	1	1	5	2	3	3	59
20	0.45	0.25	0.3	14	12	5	3	7	5	3	1	2	8	0	2	5	5	58
17	0.47058824	0.29411766	0.23529412	6	12	7	2	6	2	1	2	0	3	2	2	3	5	56
6	0.0	0.33333334	0.6666667	5	15	2	1	1	2	1	0	3	1	3	3	4	5	63
9	0.22222222	0.5555556	0.22222222	5	11	3	2	0	4	1	2	1	1	4	0	5	2	62
13	0.15384616	0.53846157	0.30769232	8	14	3	3	3	4	4	1	3	0	4	2	2	6	59
15	0.4	0.26666668	0.33333334	12	12	2	2	4	7	2	2	6	2	7	3	0	2	57
20	0.25	0.35	0.4	13	11	5	3	8	4	0	5	5	3	2	6	2	1	98
19	0.36842105	0.36842105	0.2631579	5	10	2	6	7	4	1	1	1	2	6	3	0	1	78
14	0.35714287	0.35714287	0.2857143	5	10	2	4	6	2	0	3	1	1	5	1	3	1	60
11	0.54545456	0.18181819	0.27272728	11	13	1	1	5	4	3	2	4	2	4	6	1	2	55
6	0.16666667	0.33333334	0.5	13	15	2	0	2	2	5	2	5	1	3	3	4	5	71
18	0.5	0.5	0.0	13	12	6	4	6	2	3	5	4	1	4	4	2	2	29
16	0.25	0.4375	0.3125	9	12	4	4	5	3	1	2	3	3	1	5	0	6	65
10	0.2	0.1	0.7	9	15	3	3	1	3	2	0	4	3	4	6	2	3	62
13	0.23076923	0.3846154	0.3846154	9	11	3	4	2	4	1	6	0	2	2	4	3	2	61
10	0.5	0.3	0.2	9	13	3	3	4	0	3	2	1	3	2	1	4	6	46
19	0.31578946	0.2631579	0.42105263	7	10	5	4	4	6	3	1	0	3	4	2	3	1	60
16	0.375	0.1875	0.4375	12	15	1	5	5	5	6	3	1	2	4	5	1	5	19
14	0.2857143	0.35714287	0.35714287	5	11	3	3	3	5	2	2	0	1	4	5	0	2	69
12	0.33333334	0.41666666	0.25	12	13	2	1	4	5	2	4	4	2	4	1	4	4	50
14	0.42857143	0.2857143	0.2857143	13	13	2	2	9	1	2	4	5	2	3	4	4	2	70
7	0.5714286	0.2857143	0.14285715	13	15	1	1	3	2	2	3	5	3	5	0	5	5	42
12	0.33333334	0.5	0.16666667	13	13	2	3	3	4	7	4	0	2	1	2	1	9	51
6	0.33333334	0.33333334	0.33333334	6	15	2	2	2	0	2	3	1	0	2	4	4	5	79
15	0.06666667	0.46666667	0.46666667	13	11	3	4	3	5	6	1	3	3	4	2	0	5	76
6	0.16666667	0.33333334	0.5	11	13	0	4	1	1	6	0	2	3	3	1	6	3	97
6	0.5	0.16666667	0.33333334	13	14	2	1	2	1	5	4	1	3	2	2	7	3	51
18	0.22222222	0.33333334	0.44444445	11	13	8	5	2	3	2	5	2	2	1	3	5	4	49
5	0.4	0.6	0.0	7	15	1	0	1	3	0	3	3	1	3	4	5	3	42
11	0.18181819	0.27272728	0.54545456	5	14	4	3	2	2	3	1	1	0	3	1	6	4	67
17	0.3529412	0.29411766	0.3529412	6	11	5	3	6	3	2	4	0	0	4	2	2	3	67
8	0.125	0.25	0.625	6	13	2	1	3	2	0	2	2	2	3	1	2	7	72
7	0.42857143	0.5714286	0.0	15	15	2	2	3	0	5	4	3	3	3	1	8	3	51
16	0.375	0.375	0.25	10	10	4	1	3	8	2	4	2	2	3	3	2	2	67
9	0.44444445	0.22222222	0.33333334	9	11	4	1	2	2	4	2	2	1	4	1	1	5	46
16	0.375	0.25	0.375	15	10	3	2	6	5	3	6	3	3	4	2	1	3	59
17	0.29411766	0.3529412	0.3529412	7	13	3	3	5	6	2	1	1	3	1	4	4	4	34
17	0.47058824	0.23529412	0.29411766	6	11	6	1	2	8	2	1	2	1	5	0	4	2	73
11	0.18181819	0.54545456	0.27272728	8	14	4	2	4	1	4	2	2	0	6	2	3	3	50
8	0.5	0.125	0.375	15	13	0	4	2	2	5	5	3	2	3	5	2	3	56
16	0.3125	0.4375	0.25	13	10	6	3	4	3	0	4	6	3	4	3	0	3	81
20	0.3	0.45	0.25	11	15	6	4	2	8	2	2	4	3	4	4	2	5	41
13	0.61538464	0.15384616	0.23076923	15	12	3	2	4	4	4	3	2	6	6	0	3	3	34
16	0.375	0.3125	0.3125	9	10	2	6	4	4	2	3	2	2	3	2	1	4	68
18	0.5	0.2777778	0.22222222	13	15	3	3	8	4	3	4	4	2	7	3	3	2	29
17	0.47058824	0.3529412	0.1764706	15	14	4	8	3	2	0	4	3	8	3	5	3	3	50
8	0.375	0.25	0.375	9	11	3	2	1	2	2	2	3	2	1	2	4	4	61
16	0.3125	0.25	0.4375	8	11	7	3	4	2	3	0	1	4	0	2	4	5	70
13	0.53846157	0.0	0.46153846	6	12	2	2	4	5	1	1	2	2	2	7	0	3	70
12	0.41666666	0.083333336	0.5	15	12	4	0	3	5	3	4	4	4	4	3	3	2	52
7	0.42857143	0.14285715	0.42857143	6	12	1	2	1	3	1	1	3	1	4	4	2	2	58
14	0.42857143	0.14285715	0.42857143	11	13	3	5	3	3	4	4	1	2	3	4	3	3	40
7	0.5714286	0.0	0.42857143	8	11	3	1	2	1	2	4	1	1	1	2	5	3	58
15	0.2	0.53333336	0.26666668	11	11	5	4	2	4	5	2	2	2	4	2	4	1	54
5	0.2	0.6	0.2	15	10	0	2	2	1	3	9	2	1	2	4	1	3	79
11	0.6363636	0.27272728	0.09090909	8	14	2	3	2	4	2	2	2	2	5	3	3	3	38
6	0.0	0.16666667	0.8333333	7	12	2	1	2	1	2	2	1	2	3	2	5	2	84
6	0.5	0.16666667	0.33333334	10	13	2	1	1	2	2	0	5	3	4	3	2	4	68
20	0.3	0.25	0.45	10	11	9	3	4	4	2	1	5	2	2	6	3	0	75
19	0.15789473	0.47368422	0.36842105	12	12	7	2	4	6	4	3	2	3	2	5	2	3	67
8	0.375	0.125	0.5	13	14	1	1	2	4	3	6	1	3	4	2	4	4	58
17	0.4117647	0.11764706	0.47058824	10	13	4	4	3	6	1	5	4	0	2	2	5	4	59
13	0.3846154	0.3846154	0.23076923	13	12	4	2	4	3	3	5	1	4	1	3	5	3	57
17	0.23529412	0.47058824	0.29411766	12	14	7	5	2	3	5	1	2	4	3	3	3	5	55
13	0.53846157	0.3846154	0.07692308	14	10	0	6	1	6	3	3	5	3	1	2	3	4	52
8	0.625	0.25	0.125	6	11	2	2	2	2	0	2	1	3	1	3	4	3	67
17	0.23529412	0.5294118	0.23529412	5	11	7	5	3	2	1	4	0	0	2	5	2	2	70
12	0.33333334	0.41666666	0.25	8	11	2	3	3	4	0	0	5	3	1	4	3	3	50
12	0.33333334	0.41666666	0.25	9	15	6	0	2	4	4	2	0	3	4	2	3	6	63
11	0.18181819	0.27272728	0.54545456	5	12	1	3	5	2	2	1	0	2	3	2	2	5	74
13	0.15384616	0.7692308	0.07692308	5	12	3	5	3	2	3	1	0	1	4	2	3	3	69
19	0.47368422	0.2631579	0.2631579	9	15	6	6	6	1	1	2	3	3	2	6	5	2	41
14	0.5714286	0.14285715	0.2857143	15	13	4	1	7	2	2	4	3	6	2	2	2	7	57
17	0.29411766	0.5294118	0.1764706	8	11	1	8	5	3	0	4	3	1	3	4	3	1	29
9	0.44444445	0.11111111	0.44444445	5	12	3	2	4	0	2	1	1	1	4	2	2	4	71
19	0.57894737	0.2631579	0.15789473	7	12	5	9	4	1	2	1	3	1	2	3	3	4	46
5	0.6	0.2	0.2	13	10	2	2	1	0	4	3	4	2	5	1	3	1	49
9	0.5555556	0.0	0.44444445	15	13	2	0	4	3	4	4	2	5	2	3	4	4	54
16	0.3125	0.25	0.4375	15	13	2	5	5	4	2	4	6	3	6	1	2	4	60
18	0.3888889	0.33333334	0.2777778	15	15	3	4	3	8	4	5	3	3	9	3	0	3	43
20	0.3	0.25	0.45	6	12	7	2	5	6	3	1	0	2	3	2	5	2	65
16	0.3125	0.375	0.3125	5	14	7	1	3	5	1	2	1	1	5	3	2	4	40
7	0.2857143	0.2857143	0.42857143	14	13	4	0	2	1	3	5	6	0	4	4	1	4	40
12	0.33333334	0.33333334	0.33333334	15	10	2	7	1	2	5	2	6	2	3	3	3	1	68
12	0.16666667	0.25	0.5833333	12	11	3	1	4	4	3	2	7	0	3	2	3	3	90
7	0.42857143	0.5714286	0.0	10	14	3	0	1	3	2	2	2	4	3	3	3	5	43
11	0.18181819	0.54545456	0.27272728	15	15	1	6	2	2	4	5	4	2	4	4	2	5	49
17	0.1764706	0.5294118	0.29411766	10	13	5	2	7	3	3	6	0	1	2	5	4	2	63
15	0.33333334	0.33333334	0.33333334	5	14	6	2	4	3	2	1	1	1	5	3	3	3	33
17	0.1764706	0.4117647	0.4117647	13	11	5	4	3	5	2	4	3	4	5	3	2	1	65
11	0.54545456	0.18181819	0.27272728	14	13	3	4	0	4	6	4	3	1	3	3	3	4	33
7	0.42857143	0.0	0.5714286	10	13	1	0	2	4	2	4	1	3	0	1	9	3	89
17	0.4117647	0.29411766	0.29411766	6	12	3	7	3	4	1	3	2	0	5	3	2	2	50
20	0.55	0.1	0.35	9	13	6	3	5	6	2	6	1	0	6	5	0	2	51
19	0.31578946	0.36842105	0.31578946	13	13	1	10	4	4	2	2	3	6	1	2	5	5	41
12	0.33333334	0.25	0.41666666	5	14	2	5	1	4	0	0	3	2	3	3	3	5	82
19	0.47368422	0.31578946	0.21052632	14	13	7	3	5	4	4	5	4	1	7	2	3	1	26
15	0.4	0.33333334	0.26666668	11	13	3	2	3	7	3	2	4	2	3	4	3	3	43
5	0.4	0.4	0.2	9	10	2	0	0	3	2	4	0	3	2	1	2	5	70
10	0.4	0.2	0.4	14	11	1	2	2	5	3	3	2	6	4	4	2	1	61
8	0.375	0.25	0.375	10	10	5	2	0	1	4	2	3	1	1	2	3	4	79
18	0.5	0.11111111	0.3888889	8	12	5	3	4	6	3	2	0	3	2	2	1	7	50
20	0.35	0.35	0.3	5	15	6	2	8	4	0	3	1	1	3	6	4	2	45
20	0.45	0.15	0.4	15	13	7	6	4	3	1	4	4	6	4	2	3	4	44
9	0.22222222	0.11111111	0.6666667	15	10	2	2	2	3	2	2	5	6	1	2	6	1	52
5	0.0	0.2	0.8	7	14	2	1	0	2	0	4	2	1	2	3	6	3	55
13	0.23076923	0.46153846	0.30769232	5	14	1	5	4	3	1	0	2	2	1	2	4	7	43
19	0.21052632	0.5263158	0.2631579	15	12	6	2	5	6	3	7	5	0	4	3	2	3	55
6	0.16666667	0.5	0.33333334	6	12	3	1	1	1	0	1	4	1	3	4	3	2	71
20	0.3	0.3	0.4	10	11	4	6	5	5	3	1	3	3	3	2	5	1	53
8	0.375	0.375	0.25	5	10	0	3	3	2	2	0	2	1	2	4	3	1	74
14	0.42857143	0.21428572	0.35714287	15	12	2	3	5	4	7	1	2	5	5	3	1	3	32
6	0.33333334	0.33333334	0.33333334	15	11	2	3	0	1	0	4	3	8	2	4	1	4	60
11	0.54545456	0.09090909	0.36363637	6	11	4	3	3	1	1	1	2	2	2	6	3	0	69
13	0.30769232	0.30769232	0.3846154	9	13	1	3	2	7	1	1	7	0	3	2	3	5	47
17	0.11764706	0.47058824	0.4117647	15	12	6	4	4	3	5	5	3	2	0	4	3	5	60
19	0.2631579	0.6315789	0.10526316	9	12	7	5	4	3	3	3	2	1	3	5	2	2	57
5	0.2	0.4	0.4	11	11	1	1	0	3	5	1	4	1	2	2	5	2	83
12	0.5	0.33333334	0.16666667	8	12	2	4	3	3	1	0	3	4	4	3	1	4	49
19	0.21052632	0.21052632	0.57894737	14	15	4	5	7	3	2	4	5	3	6	1	5	3	48
19	0.21052632	0.15789473	0.6315789	14	11	3	5	7	4	2	4	5	3	3	4	2	2	60
17	0.11764706	0.23529412	0.64705884	12	14	3	6	5	3	3	4	4	1	4	4	3	3	50
20	0.3	0.35	0.35	7	14	6	5	3	6	2	2	0	3	7	3	2	2	30
8	0.125	0.375	0.5	7	13	2	1	4	1	3	1	0	3	2	2	4	5	82
13	0.30769232	0.30769232	0.3846154	13	11	5	6	2	0	3	2	5	3	5	2	1	3	66
7	0.2857143	0.42857143	0.2857143	12	10	2	2	1	2	5	3	1	3	3	3	3	1	69
18	0.16666667	0.7222222	0.11111111	11	15	3	4	4	7	2	6	1	2	6	5	2	2	56
18	0.22222222	0.11111111	0.6666667	9	12	9	4	0	5	3	2	4	0	2	2	5	3	94
7	0.2857143	0.14285715	0.5714286	8	13	3	1	1	2	1	0	5	2	5	3	3	2	51
17	0.4117647	0.3529412	0.23529412	11	14	4	5	4	4	2	4	1	4	5	2	1	6	55
16	0.25	0.1875	0.5625	8	14	2	3	5	6	2	2	1	3	3	3	6	2	71
6	0.0	0.16666667	0.8333333	10	10	1	1	2	2	1	3	5	1	2	3	3	2	92
5	0.2	0.2	0.6	15	12	2	1	1	1	0	4	3	8	3	4	2	3	42
17	0.64705884	0.05882353	0.29411766	11	10	5	6	2	4	2	2	3	4	1	2	1	6	40
17	0.1764706	0.47058824	0.3529412	7	15	4	6	5	2	2	3	2	0	6	2	3	4	62
13	0.46153846	0.30769232	0.23076923	5	13	2	5	1	5	1	1	3	0	3	5	2	3	53
7	0.0	0.42857143	0.5714286	15	13	4	1	0	2	3	3	3	6	6	1	5	1	66
19	0.5263158	0.31578946	0.15789473	9	13	7	3	6	3	2	1	3	3	3	4	4	2	37
9	0.6666667	0.33333334	0.0	10	12	1	2	2	4	1	2	2	5	4	5	2	1	34
16	0.1875	0.5625	0.25	7	10	2	1	5	8	2	1	2	2	0	1	7	2	108
5	0.0	0.2	0.8	5	12	1	3	1	0	1	2	2	0	2	6	2	2	39
18	0.33333334	0.3888889	0.2777778	5	14	3	5	7	3	0	3	2	0	5	2	3	4	73
16	0.25	0.4375	0.3125	15	14	3	4	4	5	4	3	3	5	5	2	4	3	36
15	0.4	0.33333334	0.26666668	9	14	5	4	2	4	2	1	5	1	5	2	4	3	57
17	0.3529412	0.29411766	0.3529412	6	12	7	5	1	4	1	1	3	1	1	4	5	2	67
18	0.16666667	0.33333334	0.5	13	14	5	3	4	6	2	6	3	2	3	5	4	2	60
16	0.25	0.3125	0.4375	5	13	4	6	2	4	1	2	0	2	3	2	5	3	60
10	0.3	0.4	0.3	12	14	2	3	3	2	2	3	3	4	3	4	4	3	51
9	0.22222222	0.6666667	0.11111111	10	15	1	0	3	5	4	3	2	1	3	5	5	2	69
13	0.30769232	0.30769232	0.3846154	8	15	7	3	2	1	1	3	2	2	3	5	4	3	46
14	0.2857143	0.5	0.21428572	9	15	3	3	4	4	2	3	2	2	5	4	5	1	50
8	0.5	0.375	0.125	7	10	5	0	2	1	3	1	2	1	4	1	4	1	49
11	0.09090909	0.54545456	0.36363637	9	13	1	2	5	3	2	3	3	1	2	4	3	4	70
5	0.0	0.4	0.6	11	13	2	1	2	0	1	1	4	5	2	6	0	5	74
7	0.0	0.5714286	0.42857143	9	11	3	1	0	3	3	3	1	2	1	6	1	3	78
8	0.25	0.25	0.5	11	12	2	3	1	2	4	0	3	4	4	1	3	4	59
14	0.2857143	0.35714287	0.35714287	12	11	2	6	2	4	2	4	5	1	0	2	4	5	64
14	0.2857143	0.2857143	0.42857143	14	14	3	3	6	2	4	3	4	3	3	4	4	3	47
7	0.2857143	0.71428573	0.0	12	15	3	0	2	2	5	2	5	0	5	3	6	1	75
14	0.5714286	0.2857143	0.14285715	14	13	1	6	4	3	3	2	1	8	1	5	2	5	37
16	0.625	0.0625	0.3125	13	11	3	6	1	6	5	4	3	1	3	5	1	2	29
7	0.14285715	0.5714286	0.2857143	12	14	0	5	1	1	1	3	3	5	4	3	5	2	43
9	0.44444445	0.11111111	0.44444445	12	12	2	2	2	3	5	2	1	4	2	0	3	7	55
7	0.85714287	0.0	0.14285715	9	10	0	0	4	3	1	2	4	2	2	1	3	4	44
6	0.33333334	0.33333334	0.33333334	11	11	2	1	1	2	2	2	3	4	2	2	2	5	69
10	0.3	0.2	0.5	9	15	2	5	2	1	1	3	3	2	6	5	2	2	44
5	0.0	0.4	0.6	15	15	0	2	2	1	2	2	7	4	3	3	2	7	82
16	0.4375	0.125	0.4375	10	12	4	6	5	1	3	4	2	1	4	1	3	4	48
6	0.33333334	0.16666667	0.5	12	15	2	2	1	1	3	3	3	3	2	4	4	5	35
7	0.5714286	0.14285715	0.2857143	10	15	2	3	1	1	1	3	4	2	5	4	3	3	59
18	0.44444445	0.33333334	0.22222222	6	14	3	12	3	0	1	1	2	2	1	4	4	5	61
13	0.30769232	0.30769232	0.3846154	9	11	1	3	3	6	0	3	1	5	6	1	1	3	73
8	0.5	0.25	0.25	10	13	2	2	1	3	4	3	2	1	6	2	3	2	64
12	0.33333334	0.25	0.41666666	14	10	4	4	1	3	4	5	4	1	4	5	0	1	56
5	0.2	0.6	0.2	12	12	1	1	2	1	1	3	4	4	4	2	4	2	63
14	0.42857143	0.21428572	0.35714287	13	14	6	4	1	3	5	1	3	4	2	5	4	3	48
16	0.25	0.25	0.5	6	13	5	5	1	5	0	2	2	2	3	2	2	6	66
12	0.41666666	0.25	0.33333334	5	12	2	2	6	2	2	1	0	2	4	2	2	4	57
18	0.33333334	0.33333334	0.33333334	6	11	8	5	2	3	1	2	1	2	4	4	1	2	68
20	0.15	0.4	0.45	15	11	9	4	5	2	4	6	3	2	4	0	5	2	74
10	0.5	0.2	0.3	14	10	3	2	2	3	2	4	4	4	3	1	1	5	70
7	0.5714286	0.14285715	0.2857143	12	14	1	3	1	2	5	3	2	2	2	6	4	2	51
16	0.1875	0.375	0.4375	10	12	6	2	3	5	3	1	5	1	2	2	3	5	38
13	0.30769232	0.30769232	0.3846154	6	14	3	3	3	4	2	1	2	1	2	3	3	6	59
14	0.42857143	0.14285715	0.42857143	13	14	6	2	4	2	2	6	1	4	3	3	3	5	51
5	0.2	0.4	0.4	6	12	1	3	0	1	1	1	1	3	3	6	1	2	84
15	0.26666668	0.33333334	0.4	14	14	7	3	3	2	5	4	2	3	5	1	3	5	39
11	0.27272728	0.09090909	0.6363636	13	11	1	2	4	4	1	4	4	4	3	2	3	3	66
13	0.7692308	0.15384616	0.07692308	12	12	3	5	4	1	3	3	5	1	4	4	3	1	39
11	0.27272728	0.45454547	0.27272728	6	15	0	4	4	3	1	1	2	2	5	1	1	8	59
13	0.23076923	0.46153846	0.30769232	12	15	4	1	3	5	4	3	3	2	3	2	8	2	46
8	0.5	0.25	0.25	9	11	2	4	0	2	5	2	1	1	2	4	5	0	60
14	0.35714287	0.21428572	0.42857143	7	13	2	2	4	6	5	0	2	0	4	4	0	5	61
10	0.4	0.5	0.1	15	13	4	4	1	1	3	4	7	1	5	2	5	1	60
13	0.30769232	0.3846154	0.30769232	15	13	3	7	2	1	0	7	6	2	4	2	3	4	49
13	0.30769232	0.46153846	0.23076923	11	15	2	3	6	2	5	1	3	2	3	4	7	1	55
10	0.3	0.5	0.2	6	10	5	3	1	1	1	1	3	1	2	3	4	1	71
11	0.0	0.45454547	0.54545456	13	12	5	2	3	1	4	3	3	3	1	3	4	4	79
10	0.4	0.3	0.3	7	11	1	3	3	3	0	2	2	3	2	3	2	4	54
16	0.375	0.375	0.25	7	10	6	2	4	4	1	1	5	0	0	5	2	3	68
10	0.3	0.2	0.5	9	15	2	4	2	2	2	3	2	2	3	6	2	4	53
9	0.33333334	0.33333334	0.33333334	8	14	3	0	4	2	2	3	2	1	6	1	4	3	48
8	0.375	0.375	0.25	9	12	4	0	1	3	0	1	6	2	2	4	4	2	75
13	0.30769232	0.30769232	0.3846154	6	14	6	3	4	0	2	0	3	1	4	2	5	3	57
15	0.6	0.26666668	0.13333334	7	12	5	1	4	5	1	2	3	1	1	3	3	5	42
15	0.4	0.33333334	0.26666668	12	15	3	6	4	2	5	4	2	1	1	4	5	5	44
18	0.44444445	0.33333334	0.22222222	14	15	5	7	2	4	2	3	4	5	4	7	3	1	45
5	0.2	0.4	0.4	13	11	1	1	0	3	4	7	1	1	4	1	4	2	74
16	0.3125	0.375	0.3125	11	10	5	4	2	5	0	2	5	4	2	3	3	2	56
7	0.14285715	0.5714286	0.2857143	13	15	4	2	1	0	5	3	3	2	3	3	8	1	42
20	0.4	0.25	0.35	5	11	3	8	7	2	3	0	1	1	5	1	3	2	73
19	0.36842105	0.21052632	0.42105263	5	11	6	5	4	4	1	1	2	1	4	3	4	0	65
12	0.25	0.33333334	0.41666666	8	14	3	2	4	3	2	4	1	1	2	3	5	4	49
12	0.25	0.41666666	0.33333334	7	12	5	1	4	2	1	3	3	0	3	4	3	2	63
10	0.3	0.3	0.4	6	10	4	1	2	3	2	2	0	2	2	6	1	1	70
12	0.33333334	0.33333334	0.33333334	10	11	3	1	0	8	2	3	2	3	4	1	2	4	57
16	0.1875	0.3125	0.5	15	15	3	4	3	6	8	4	3	0	7	2	2	4	46
9	0.11111111	0.5555556	0.33333334	15	11	2	2	1	4	3	3	2	7	2	0	4	5	93
5	0.2	0.2	0.6	8	12	2	1	0	2	2	0	4	2	4	4	3	1	54
6	0.16666667	0.0	0.8333333	15	13	1	3	0	2	5	3	5	2	5	4	2	2	68
5	0.0	0.8	0.2	6	14	1	0	2	2	2	0	1	3	6	1	2	5	52
12	0.5	0.41666666	0.083333336	6	15	3	4	3	2	1	2	1	2	5	5	2	3	34
13	0.23076923	0.3846154	0.3846154	7	10	6	4	0	3	1	4	2	0	1	4	2	3	79
14	0.35714287	0.2857143	0.35714287	5	13	5	4	3	2	1	3	0	1	4	1	4	4	55
16	0.375	0.1875	0.4375	15	15	6	4	5	1	0	4	4	7	3	7	3	2	36
12	0.41666666	0.25	0.33333334	13	13	3	4	4	1	5	3	3	2	3	1	3	6	40
14	0.35714287	0.2857143	0.35714287	13	13	6	3	2	3	4	3	3	3	1	5	3	4	38
5	0.4	0.6	0.0	14	11	1	1	3	0	2	2	8	2	3	2	3	3	35
5	0.2	0.6	0.2	8	13	1	2	0	2	2	4	1	1	4	1	6	2	49
8	0.375	0.25	0.375	9	12	3	1	1	3	5	1	1	2	3	3	2	4	41
19	0.2631579	0.2631579	0.47368422	7	14	8	2	5	4	2	2	1	2	1	2	4	7	36
8	0.625	0.25	0.125	6	15	1	2	2	3	0	2	1	3	3	1	4	7	42
9	0.33333334	0.22222222	0.44444445	13	14	2	0	2	5	4	4	4	1	4	3	3	4	45
15	0.4	0.4	0.2	6	15	4	1	5	5	1	1	1	3	5	3	3	4	36
14	0.2857143	0.14285715	0.5714286	6	10	3	5	3	3	3	1	0	2	2	3	4	1	87
9	0.22222222	0.33333334	0.44444445	14	10	1	2	5	1	3	6	2	3	1	4	3	2	65
16	0.5	0.3125	0.1875	15	12	4	3	5	4	2	6	4	3	1	5	5	1	41
14	0.21428572	0.5714286	0.21428572	12	12	7	2	4	1	4	4	2	2	5	4	2	1	69
18	0.2777778	0.33333334	0.3888889	10	11	5	2	5	6	4	2	0	4	3	3	1	4	61
14	0.35714287	0.2857143	0.35714287	5	13	4	3	4	3	1	2	2	0	4	4	1	4	66
14	0.21428572	0.35714287	0.42857143	10	10	2	4	3	5	3	5	1	1	2	2	5	1	84
18	0.33333334	0.2777778	0.3888889	8	10	5	3	4	6	4	2	1	1	4	0	4	2	59
14	0.5714286	0.21428572	0.21428572	5	12	1	6	4	3	1	2	1	1	4	2	3	3	39
15	0.4	0.26666668	0.33333334	5	15	3	5	5	2	1	2	0	2	6	5	1	3	35
13	0.61538464	0.23076923	0.15384616	7	14	5	1	6	1	1	2	2	2	4	3	2	5	37
6	0.6666667	0.16666667	0.16666667	7	11	5	0	1	0	1	0	3	3	0	3	4	4	66
6	0.33333334	0.5	0.16666667	12	12	1	1	2	2	5	4	1	2	2	3	5	2	53
16	0.3125	0.3125	0.375	8	13	5	3	3	5	2	2	1	3	3	5	4	1	67
13	0.15384616	0.46153846	0.3846154	14	11	1	4	5	3	7	1	2	4	3	2	3	3	78
8	0.25	0.5	0.25	6	13	2	1	4	1	0	0	3	3	2	5	2	4	83
14	0.35714287	0.42857143	0.21428572	14	12	2	3	5	4	0	2	2	10	2	2	5	3	71
11	0.27272728	0.54545456	0.18181819	11	12	2	3	1	5	4	2	3	2	1	5	3	3	79
15	0.26666668	0.46666667	0.26666668	5	10	2	7	4	2	1	1	1	2	2	2	2	4	60
10	0.3	0.4	0.3	15	13	3	1	3	3	3	2	4	6	5	5	1	2	40
17	0.3529412	0.29411766	0.3529412	7	15	6	3	5	3	2	3	0	2	0	4	5	6	47
12	0.25	0.33333334	0.41666666	10	12	3	4	2	3	2	2	3	3	2	3	4	3	69
15	0.33333334	0.33333334	0.33333334	12	10	4	5	4	2	2	3	5	2	0	6	1	3	58
15	0.33333334	0.4	0.26666668	14	11	4	2	3	6	6	2	4	2	4	2	2	3	55
12	0.25	0.33333334	0.41666666	9	12	3	1	5	3	4	2	0	3	2	1	5	4	55
12	0.25	0.083333336	0.6666667	8	11	1	4	4	3	1	2	2	3	3	2	3	3	68
8	0.125	0.75	0.125	13	10	3	0	2	3	5	1	6	1	2	3	4	1	81
11	0.45454547	0.36363637	0.18181819	7	14	4	3	1	3	3	2	1	1	5	1	4	4	50
8	0.5	0.25	0.25	6	13	0	1	3	4	3	0	1	2	5	2	2	4	58
17	0.11764706	0.64705884	0.23529412	12	12	4	4	4	5	3	5	2	2	5	4	1	2	60
6	0.33333334	0.5	0.16666667	14	15	2	2	1	1	3	5	2	4	5	2	3	5	38
19	0.42105263	0.47368422	0.10526316	13	14	4	7	4	4	2	3	4	4	3	1	6	4	50
20	0.3	0.4	0.3	7	14	5	7	4	4	3	1	1	2	5	3	4	2	45
5	0.6	0.4	0.0	7	10	1	0	2	2	3	1	1	2	3	3	1	3	66
18	0.2777778	0.44444445	0.2777778	11	12	5	5	4	4	1	5	2	3	3	4	3	2	33
19	0.2631579	0.31578946	0.42105263	6	10	7	3	3	6	0	2	2	2	3	1	3	3	62
11	0.45454547	0.27272728	0.27272728	15	12	2	2	3	4	9	1	4	1	2	3	2	5	35
12	0.16666667	0.41666666	0.41666666	9	15	5	1	2	4	1	1	4	3	3	4	4	4	50
7	0.14285715	0.2857143	0.5714286	15	10	0	5	1	1	3	1	6	5	0	4	4	2	81
17	0.23529412	0.4117647	0.3529412	15	15	4	4	4	5	3	6	4	2	5	3	5	2	42
19	0.42105263	0.10526316	0.47368422	7	14	5	4	2	8	4	1	1	1	2	3	3	6	56
7	0.14285715	0.0	0.85714287	12	14	2	2	2	1	1	3	3	5	6	2	2	4	78
9	0.33333334	0.33333334	0.33333334	14	11	0	4	1	4	4	3	4	3	3	4	3	1	68
9	0.22222222	0.33333334	0.44444445	6	11	2	2	2	3	2	1	2	1	3	4	2	2	57
10	0.3	0.4	0.3	13	10	0	3	3	4	2	5	1	5	3	2	3	2	62
13	0.3846154	0.30769232	0.30769232	6	12	3	4	3	3	1	2	0	3	1	4	6	1	70
17	0.3529412	0.4117647	0.23529412	13	14	2	6	3	6	2	2	2	7	2	3	6	3	48
10	0.3	0.3	0.4	12	13	3	1	6	0	3	4	2	3	1	4	2	6	55
12	0.25	0.33333334	0.41666666	14	11	2	3	4	3	4	2	4	4	3	1	4	3	47
14	0.42857143	0.42857143	0.14285715	12	13	3	5	2	4	2	3	1	6	3	3	4	3	52
5	0.2	0.4	0.4	13	12	2	1	2	0	3	6	1	3	4	3	3	2	59
20	0.1	0.3	0.6	7	15	4	3	4	9	1	3	3	0	8	0	3	4	68
12	0.6666667	0.16666667	0.16666667	13	11	3	1	6	2	3	3	2	5	3	3	0	5	37
10	0.2	0.2	0.6	5	14	1	0	5	4	2	1	2	0	3	6	2	3	82
19	0.21052632	0.2631579	0.5263158	14	11	4	5	7	3	3	6	3	2	3	3	2	3	62
12	0.75	0.16666667	0.083333336	7	13	3	1	4	4	4	0	2	1	4	3	2	4	57
9	0.22222222	0.5555556	0.22222222	7	13	4	3	0	2	4	2	0	1	4	2	4	3	56
7	0.14285715	0.14285715	0.71428573	5	13	1	2	2	2	0	1	3	1	4	5	3	1	86
11	0.54545456	0.36363637	0.09090909	8	12	5	3	0	3	3	2	2	1	4	3	3	2	31
11	0.45454547	0.36363637	0.18181819	13	12	2	4	2	3	7	2	2	2	2	3	3	4	50
10	0.5	0.3	0.2	9	15	0	2	4	4	2	1	1	5	3	2	6	4	40
12	0.5	0.16666667	0.33333334	7	13	2	3	3	4	0	5	1	1	5	3	3	2	49
14	0.21428572	0.5	0.2857143	12	14	6	3	1	4	5	3	2	2	7	3	3	1	52
8	0.25	0.375	0.375	15	10	2	1	2	3	5	4	2	4	2	2	2	4	49
13	0.46153846	0.15384616	0.3846154	8	12	4	4	2	3	3	0	1	4	4	2	6	0	86
18	0.3888889	0.2777778	0.33333334	8	13	7	3	2	6	4	2	2	0	3	4	4	2	49
6	0.16666667	0.5	0.33333334	8	13	0	1	3	2	5	2	1	0	5	5	1	2	78
20	0.45	0.1	0.45	11	10	0	7	5	8	4	3	2	2	2	5	2	1	39
18	0.3888889	0.44444445	0.16666667	10	14	5	4	4	5	3	3	4	0	4	1	5	4	54
9	0.6666667	0.0	0.33333334	13	11	0	3	4	2	3	8	2	0	2	2	0	7	51
12	0.5	0.16666667	0.33333334	6	10	5	1	6	0	1	2	2	1	2	5	1	2	58
5	0.2	0.2	0.6	8	12	0	3	1	1	3	3	1	1	4	4	3	1	73
13	0.23076923	0.53846157	0.23076923	13	12	3	3	3	4	3	3	3	4	3	4	3	2	70
16	0.3125	0.25	0.4375	7	14	5	4	7	0	4	3	0	0	6	2	4	2	45
13	0.15384616	0.46153846	0.3846154	9	10	2	5	3	3	0	1	4	4	2	1	3	4	65
11	0.27272728	0.6363636	0.09090909	14	13	3	2	3	3	3	5	3	3	6	2	3	2	51
17	0.4117647	0.23529412	0.3529412	9	11	6	2	4	5	5	1	2	1	5	3	2	1	46
17	0.4117647	0.4117647	0.1764706	14	12	6	5	2	4	3	5	2	4	2	3	6	1	41
13	0.46153846	0.23076923	0.30769232	13	13	3	4	1	5	6	2	5	0	1	5	4	3	48
18	0.5	0.3888889	0.11111111	8	14	1	8	4	5	6	1	1	0	3	5	3	3	30
7	0.2857143	0.5714286	0.14285715	5	11	2	1	2	2	4	0	0	1	2	2	3	4	67
5	0.0	0.6	0.4	11	14	1	3	1	0	3	2	2	4	4	4	3	3	84
10	0.4	0.4	0.2	14	15	1	3	4	2	3	4	3	4	9	2	2	2	43
16	0.25	0.375	0.375	10	14	4	5	1	6	1	4	3	2	2	4	2	6	57
8	0.125	0.375	0.5	9	11	2	0	4	2	4	2	2	1	2	2	1	6	47
13	0.07692308	0.30769232	0.61538464	6	11	4	3	3	3	2	3	1	0	2	1	5	3	101
17	0.5882353	0.29411766	0.11764706	11	13	3	6	5	3	2	3	4	2	4	4	5	0	39
6	0.33333334	0.33333334	0.33333334	6	12	0	2	3	1	3	1	2	0	3	3	2	4	61
10	0.4	0.2	0.4	10	14	2	2	2	4	2	3	5	0	1	2	8	3	58
13	0.23076923	0.23076923	0.53846157	15	10	2	2	4	5	6	6	1	2	2	2	3	3	61
16	0.1875	0.3125	0.5	13	12	3	8	3	2	3	5	3	2	0	3	3	6	64
17	0.23529412	0.3529412	0.4117647	5	15	7	1	4	5	0	1	3	1	0	4	5	6	40
16	0.3125	0.1875	0.5	7	15	3	3	5	5	3	3	1	0	5	5	1	4	42
9	0.6666667	0.22222222	0.11111111	12	14	2	3	2	2	2	3	3	4	5	3	3	3	38
11	0.27272728	0.45454547	0.27272728	13	13	5	3	0	3	2	6	2	3	2	4	5	2	62
12	0.16666667	0.33333334	0.5	5	15	4	4	0	4	1	2	0	2	5	6	3	1	66
11	0.27272728	0.6363636	0.09090909	6	11	3	2	3	3	2	1	0	3	3	2	2	4	66
12	0.5833333	0.25	0.16666667	7	13	4	2	3	3	1	1	4	1	2	2	4	5	26
7	0.14285715	0.2857143	0.5714286	5	10	1	2	2	2	1	2	1	1	5	3	2	0	72
20	0.3	0.35	0.35	6	12	5	7	3	5	0	3	1	2	6	1	2	3	60
14	0.42857143	0.2857143	0.2857143	11	12	4	5	1	4	0	3	4	4	4	4	2	2	51
20	0.2	0.4	0.4	15	10	6	7	5	2	5	2	5	3	2	0	5	3	52
18	0.22222222	0.33333334	0.44444445	11	13	3	5	6	4	2	5	0	4	2	3	3	5	69
14	0.42857143	0.2857143	0.2857143	11	13	2	1	4	7	5	1	2	3	0	1	6	6	59
16	0.3125	0.3125	0.375	11	13	3	0	3	10	3	3	4	1	4	3	2	4	51
18	0.3888889	0.16666667	0.44444445	13	12	6	2	7	3	6	1	2	4	2	4	4	2	21
8	0.25	0.5	0.25	6	12	4	1	2	1	2	2	2	0	5	3	1	3	71
18	0.33333334	0.3888889	0.2777778	14	15	7	5	4	2	1	3	4	6	7	2	4	2	36
9	0.11111111	0.5555556	0.33333334	8	14	2	4	2	1	0	2	2	4	4	5	1	4	45
15	0.46666667	0.26666668	0.26666668	10	12	5	3	3	4	3	0	3	4	7	2	1	2	43
14	0.35714287	0.42857143	0.21428572	13	13	3	4	5	2	2	2	4	5	2	3	3	5	58
8	0.25	0.625	0.125	12	11	3	0	1	4	3	4	4	1	2	0	2	7	76
11	0.45454547	0.27272728	0.27272728	7	10	2	3	3	3	2	2	1	2	1	6	2	1	72
6	0.33333334	0.16666667	0.5	13	12	0	3	1	2	3	3	5	2	2	4	6	0	45
14	0.5714286	0.21428572	0.21428572	6	15	6	5	2	1	1	3	1	1	7	1	2	5	42
5	0.0	0.6	0.4	9	15	1	1	1	2	2	4	0	3	5	3	6	1	71
20	0.6	0.2	0.2	8	14	5	5	3	7	1	1	5	1	3	4	3	4	43
20	0.35	0.35	0.3	5	11	9	3	5	3	0	0	2	3	3	4	3	1	71
12	0.25	0.5	0.25	12	14	1	2	4	5	1	8	1	2	6	3	2	3	70
5	0.4	0.4	0.2	12	10	0	3	1	1	5	3	1	3	4	0	2	4	64
9	0.7777778	0.22222222	0.0	12	15	3	1	2	3	3	3	1	5	6	4	1	4	46
16	0.3125	0.3125	0.375	5	15	7	3	4	2	2	2	0	1	8	1	2	4	56
16	0.5	0.3125	0.1875	12	11	5	5	2	4	3	5	2	2	3	0	6	2	63
7	0.42857143	0.42857143	0.14285715	15	10	1	2	2	2	4	4	6	1	6	2	2	0	55
8	0.5	0.0	0.5	11	13	2	1	1	4	4	2	4	1	2	4	2	5	54
19	0.36842105	0.42105263	0.21052632	13	15	5	7	3	4	2	3	6	2	2	7	1	5	41
11	0.27272728	0.27272728	0.45454547	14	15	2	2	4	3	2	4	5	3	3	3	3	6	46
15	0.4	0.4	0.2	6	10	5	3	3	4	0	3	3	0	3	1	3	3	59
15	0.46666667	0.2	0.33333334	6	10	4	3	5	3	2	1	3	0	1	5	3	1	65
17	0.4117647	0.29411766	0.29411766	7	11	7	4	3	3	1	2	3	1	3	5	1	2	68
16	0.1875	0.375	0.4375	9	12	4	5	5	2	3	3	1	2	2	2	3	5	43
13	0.46153846	0.23076923	0.30769232	8	10	4	2	5	2	3	2	1	2	4	0	2	4	57
20	0.45	0.3	0.25	12	15	8	1	4	7	6	3	3	0	3	4	6	2	50
10	0.3	0.6	0.1	10	10	2	3	1	4	1	4	2	3	1	4	2	3	60
18	0.16666667	0.3888889	0.44444445	12	10	7	4	2	5	3	0	5	4	2	2	4	2	53
16	0.25	0.4375	0.3125	10	12	4	5	3	4	2	1	4	3	2	4	2	4	57
13	0.30769232	0.46153846	0.23076923	14	15	7	3	1	2	1	5	4	4	3	3	6	3	52
19	0.42105263	0.10526316	0.47368422	9	10	4	3	8	4	2	2	3	2	2	4	2	2	72
16	0.4375	0.3125	0.25	5	13	4	3	5	4	3	0	1	1	3	5	3	2	57
19	0.31578946	0.42105263	0.2631579	8	14	4	8	3	4	3	1	1	3	2	5	5	2	44
16	0.4375	0.1875	0.375	14	11	3	3	7	3	6	5	1	2	4	1	2	4	46
11	0.45454547	0.27272728	0.27272728	13	13	1	3	5	2	5	4	0	4	4	3	4	2	46
8	0.625	0.25	0.125	7	15	0	2	3	3	1	0	5	1	4	4	4	3	41
13	0.15384616	0.30769232	0.53846157	9	12	2	4	5	2	1	2	2	4	4	2	5	1	59
6	0.5	0.33333334	0.16666667	14	14	2	1	3	0	5	4	2	3	3	6	1	4	60
18	0.33333334	0.3888889	0.2777778	8	12	2	3	6	7	3	3	2	0	4	2	1	5	69
16	0.375	0.25	0.375	12	11	3	7	2	4	4	4	1	3	4	1	3	3	47
13	0.23076923	0.23076923	0.53846157	7	11	1	4	4	4	0	2	0	5	1	3	3	4	58
12	0.16666667	0.41666666	0.41666666	10	13	1	4	3	4	1	2	3	4	4	4	2	3	64
11	0.36363637	0.09090909	0.54545456	9	15	3	5	2	1	0	3	5	1	2	5	2	6	66
14	0.42857143	0.21428572	0.35714287	13	14	3	6	2	3	2	6	3	2	2	7	4	1	45
11	0.45454547	0.36363637	0.18181819	7	14	2	4	2	3	1	2	2	2	3	6	3	2	49
11	0.27272728	0.36363637	0.36363637	8	14	2	3	4	2	1	5	0	2	2	4	2	6	69
7	0.42857143	0.42857143	0.14285715	7	11	3	1	1	2	1	1	2	3	1	5	1	4	42
19	0.42105263	0.47368422	0.10526316	5	10	4	2	6	7	2	2	0	1	2	3	2	3	83
5	0.8	0.0	0.2	12	13	2	0	2	1	2	4	3	3	5	4	2	2	35
14	0.2857143	0.2857143	0.42857143	10	14	5	3	5	1	2	5	2	1	3	6	1	4	42
15	0.26666668	0.26666668	0.46666667	8	11	4	4	6	1	2	3	2	1	2	4	1	4	77
12	0.5833333	0.33333334	0.083333336	14	13	2	3	3	4	8	2	2	2	3	6	1	3	31
9	0.11111111	0.5555556	0.33333334	14	14	1	0	4	4	4	4	3	3	3	3	4	4	78
16	0.4375	0.375	0.1875	8	13	3	7	3	3	3	0	4	1	4	4	2	3	48
16	0.375	0.375	0.25	14	14	4	3	6	3	2	4	2	6	3	4	5	2	39
15	0.26666668	0.53333336	0.2	8	11	2	6	3	4	2	2	1	3	3	2	5	1	66
11	0.54545456	0.36363637	0.09090909	14	11	2	4	4	1	3	2	5	4	6	2	2	1	58
8	0.25	0.25	0.5	5	15	3	3	1	1	1	2	2	0	5	4	5	1	47
17	0.1764706	0.4117647	0.4117647	10	12	1	2	7	7	1	3	3	3	2	4	3	3	65
6	0.5	0.33333334	0.16666667	7	10	1	2	2	1	1	3	0	3	1	3	1	5	48
18	0.44444445	0.2777778	0.2777778	13	11	1	6	9	2	3	3	6	1	3	4	2	2	42
15	0.4	0.2	0.4	15	11	5	3	1	6	2	5	4	4	1	3	2	5	62
5	0.6	0.2	0.2	14	10	3	1	0	1	4	3	5	2	5	4	1	0	58
10	0.4	0.2	0.4	7	14	2	4	2	2	2	1	2	2	4	2	4	4	53
18	0.3888889	0.33333334	0.2777778	6	15	2	5	5	6	3	1	1	1	5	0	3	7	64
8	0.25	0.625	0.125	13	10	3	2	2	1	4	3	3	3	2	2	0	6	68
15	0.26666668	0.2	0.53333336	10	12	2	4	4	5	6	1	2	1	1	6	3	2	92
6	0.16666667	0.5	0.33333334	15	11	2	2	1	1	4	4	5	2	5	1	3	2	61
10	0.3	0.3	0.4	6	13	4	2	2	2	1	1	2	2	3	5	0	5	71
16	0.3125	0.25	0.4375	6	15	5	3	4	4	1	4	1	0	4	4	3	4	45
16	0.375	0.25	0.375	8	10	6	1	3	6	1	0	2	5	4	1	1	4	59
14	0.14285715	0.5	0.35714287	13	11	1	5	3	5	4	2	5	2	4	1	6	0	46
16	0.3125	0.3125	0.375	9	13	1	5	2	8	3	4	0	2	3	5	3	2	50
17	0.3529412	0.47058824	0.1764706	5	13	6	3	4	4	0	2	2	1	2	4	3	4	53
8	0.25	0.375	0.375	5	10	2	1	2	3	1	2	1	1	4	2	3	1	80
6	0.16666667	0.33333334	0.5	5	10	3	1	2	0	0	0	4	1	3	1	0	6	75
9	0.33333334	0.33333334	0.33333334	13	13	1	3	4	1	5	1	3	4	3	1	5	4	74
14	0.21428572	0.5714286	0.21428572	5	15	2	3	3	6	3	0	0	2	3	3	6	3	67
5	0.2	0.0	0.8	15	13	1	0	4	0	3	5	3	4	4	2	3	4	62
15	0.33333334	0.26666668	0.4	6	15	4	5	3	3	1	2	3	0	3	4	4	4	54
15	0.46666667	0.13333334	0.4	10	14	4	5	3	3	2	1	5	2	3	6	2	3	61
10	0.5	0.2	0.3	14	14	3	2	4	1	2	3	5	4	3	4	4	3	34
9	0.22222222	0.44444445	0.33333334	12	13	4	0	2	3	3	3	2	4	5	4	0	4	77
11	0.54545456	0.18181819	0.27272728	11	14	2	2	5	2	6	2	1	2	4	1	4	5	45
20	0.3	0.3	0.4	10	12	7	5	4	4	0	4	2	4	5	5	2	0	55
5	0.4	0.2	0.4	11	10	2	0	1	2	4	2	2	3	2	2	3	3	71
8	0.125	0.5	0.375	15	12	0	5	2	1	4	5	3	3	2	6	3	1	84
17	0.23529412	0.64705884	0.11764706	5	15	4	6	2	5	1	1	1	2	5	2	6	2	47
5	0.8	0.2	0.0	11	14	2	1	1	1	3	2	1	5	2	2	2	8	50
7	0.0	0.2857143	0.71428573	9	13	2	2	1	2	1	3	3	2	4	6	1	2	96
5	0.2	0.4	0.4	15	12	0	2	1	2	2	3	7	3	4	4	2	2	76
19	0.47368422	0.2631579	0.2631579	5	12	4	7	3	5	1	3	0	1	1	7	2	2	66
17	0.23529412	0.47058824	0.29411766	15	15	4	5	4	4	3	2	7	3	4	3	5	3	47
13	0.23076923	0.3846154	0.3846154	13	15	3	4	4	2	4	3	2	4	6	2	4	3	51
10	0.4	0.3	0.3	11	12	3	2	3	2	1	3	4	3	3	2	2	5	44
8	0.375	0.375	0.25	13	13	0	3	3	2	3	6	3	1	4	4	1	4	56
19	0.31578946	0.31578946	0.36842105	10	13	5	3	6	5	1	3	2	4	4	2	1	6	44
11	0.45454547	0.09090909	0.45454547	10	15	3	2	4	2	3	3	3	1	3	4	5	3	35
11	0.27272728	0.45454547	0.27272728	15	15	2	6	2	1	6	1	4	4	5	2	7	1	66
8	0.5	0.25	0.25	15	10	2	1	3	2	5	5	2	3	3	5	1	1	64
15	0.33333334	0.2	0.46666667	9	11	3	1	4	7	4	2	2	1	3	3	5	0	74
8	0.25	0.375	0.375	9	12	0	3	3	2	0	3	3	3	7	2	3	0	68
7	0.2857143	0.2857143	0.42857143	11	11	2	1	1	3	2	0	6	3	2	2	2	5	48
18	0.22222222	0.3888889	0.3888889	14	10	3	7	5	3	3	3	2	6	2	3	1	4	65
20	0.3	0.45	0.25	14	11	6	3	3	8	5	4	1	4	5	2	3	1	38
14	0.21428572	0.5	0.2857143	9	14	3	4	1	6	0	4	2	3	2	4	5	3	50
20	0.55	0.35	0.1	11	15	1	3	5	11	3	5	2	1	3	7	3	2	24
5	0.2	0.6	0.2	13	14	1	0	3	1	3	4	1	5	1	7	6	0	98
8	0.25	0.375	0.375	14	13	4	2	0	2	4	6	1	3	2	3	2	6	50
18	0.2777778	0.3888889	0.33333334	10	13	7	3	6	2	4	2	2	2	4	4	3	2	54
5	0.4	0.2	0.4	10	13	1	0	2	2	2	4	1	3	1	3	4	5	41
8	0.375	0.375	0.25	7	15	2	1	2	3	1	4	1	1	4	2	8	1	55
14	0.35714287	0.2857143	0.35714287	11	12	7	4	2	1	3	4	2	2	5	2	3	2	56
19	0.57894737	0.15789473	0.2631579	14	12	3	6	4	6	3	6	2	3	4	2	3	3	33
19	0.31578946	0.36842105	0.31578946	5	12	8	1	5	5	0	1	2	2	3	2	2	5	68
20	0.55	0.2	0.25	8	10	5	7	6	2	4	0	2	2	5	3	1	1	36
12	0.33333334	0.33333334	0.33333334	15	11	5	3	3	1	6	4	4	1	1	2	4	4	68
5	0.6	0.0	0.4	9	15	3	0	1	1	5	0	3	1	0	6	5	4	48
10	0.3	0.5	0.2	12	11	2	3	4	1	2	4	4	2	4	4	3	0	65
19	0.5263158	0.31578946	0.15789473	12	11	3	4	6	6	7	0	1	4	3	2	5	1	55
18	0.2777778	0.22222222	0.5	11	13	2	6	4	6	1	2	6	2	5	2	4	2	55
11	0.27272728	0.36363637	0.36363637	11	13	1	3	4	3	0	6	4	1	2	4	1	6	57
17	0.23529412	0.3529412	0.4117647	8	11	6	1	4	6	2	3	1	2	5	2	1	3	67
18	0.2777778	0.33333334	0.3888889	12	10	8	3	3	4	3	2	3	4	3	2	3	2	50
18	0.16666667	0.3888889	0.44444445	5	10	5	2	5	6	2	1	0	2	2	1	2	5	90
8	0.25	0.5	0.25	10	11	1	3	2	2	2	3	1	4	3	2	4	2	62
18	0.22222222	0.5	0.2777778	14	10	1	6	4	7	4	3	3	4	5	2	2	1	96
20	0.45	0.2	0.35	5	12	1	5	11	3	0	1	3	1	4	2	4	2	45
5	0.4	0.0	0.6	15	15	0	2	2	1	5	5	2	3	2	4	5	4	65
19	0.2631579	0.36842105	0.36842105	10	10	7	5	4	3	1	4	3	2	0	6	1	3	62
18	0.2777778	0.5	0.22222222	12	13	7	2	5	4	2	5	1	4	6	4	3	0	43
5	1.0	0.0	0.0	13	13	0	1	3	1	3	7	2	1	3	4	1	5	41
6	0.33333334	0.33333334	0.33333334	6	15	3	0	3	0	3	0	2	1	2	4	4	5	39
13	0.30769232	0.3846154	0.30769232	12	15	2	2	4	5	3	2	3	4	3	3	4	5	49
5	0.0	0.4	0.6	5	11	2	2	1	0	0	2	1	2	2	5	3	1	83
12	0.41666666	0.33333334	0.25	12	13	6	1	1	4	4	3	2	3	3	2	4	4	48
14	0.21428572	0.35714287	0.42857143	10	15	4	3	2	5	2	2	2	4	6	6	0	3	63
15	0.26666668	0.33333334	0.4	12	10	3	6	5	1	1	7	3	1	1	1	7	1	54
16	0.375	0.125	0.5	13	11	4	4	3	5	3	2	2	6	4	2	0	5	57
20	0.45	0.4	0.15	8	15	4	5	6	5	0	3	2	3	2	4	7	2	35
14	0.21428572	0.5	0.2857143	11	11	1	4	3	6	2	2	7	0	3	1	2	5	86
20	0.35	0.35	0.3	11	15	9	3	3	5	2	2	3	4	3	2	6	4	31
18	0.3888889	0.2777778	0.33333334	9	14	6	4	5	3	1	3	2	3	4	2	8	0	34
7	0.42857143	0.2857143	0.2857143	12	13	3	1	2	1	5	3	3	1	1	3	3	6	50
8	0.125	0.375	0.5	13	13	2	1	3	2	3	6	2	2	1	4	3	5	66
12	0.5833333	0.25	0.16666667	12	14	6	1	2	3	5	3	2	2	3	2	4	5	49
12	0.25	0.41666666	0.33333334	11	13	3	4	3	2	8	0	3	0	3	6	1	3	62
7	0.42857143	0.42857143	0.14285715	10	11	1	5	1	0	1	2	3	4	2	2	2	5	50
